-1.666666716337203979e-01
-1.660424172878265381e-01
-1.641784459352493286e-01
-1.611008644104003906e-01
-1.568518280982971191e-01
-1.514879018068313599e-01
-1.450780183076858521e-01
-1.377007216215133667e-01
-1.294417828321456909e-01
-1.203916221857070923e-01
-1.106430590152740479e-01
-1.002895161509513855e-01
-8.942361921072006226e-02
-7.813649624586105347e-02
-6.651742011308670044e-02
-5.465392023324966431e-02
-4.263227432966232300e-02
-3.053807839751243591e-02
-1.845676451921463013e-02
-6.474009715020656586e-03
5.324192345142364502e-03
1.685191504657268524e-02
2.802402526140213013e-02
3.875740617513656616e-02
4.897253215312957764e-02
5.859518796205520630e-02
6.755840033292770386e-02
7.580418884754180908e-02
8.328512310981750488e-02
8.996544778347015381e-02
9.582180529832839966e-02
1.008434072136878967e-01
1.050315275788307190e-01
1.083986163139343262e-01
1.109669208526611328e-01
1.127668470144271851e-01
1.138350144028663635e-01
1.142123267054557800e-01
1.139421761035919189e-01
1.130686700344085693e-01
1.116353422403335571e-01
1.096840053796768188e-01
1.072539612650871277e-01
1.043817177414894104e-01
1.011007726192474365e-01
9.744177758693695068e-02
9.343296289443969727e-02
8.910056948661804199e-02
8.446945250034332275e-02
7.956370711326599121e-02
7.440735399723052979e-02
6.902485340833663940e-02
6.344166398048400879e-02
5.768467858433723450e-02
5.178253352642059326e-02
4.576573148369789124e-02
3.966671228408813477e-02
3.351969271898269653e-02
2.736033312976360321e-02
2.122531086206436157e-02
1.515175867825746536e-02
9.176532737910747528e-03
3.335555316880345345e-03
-2.336929319426417351e-03
-7.809006609022617340e-03
-1.305161975324153900e-02
-1.803899742662906647e-02
-2.274887450039386749e-02
-2.716248482465744019e-02
-3.126445785164833069e-02
-3.504249826073646545e-02
-3.848701342940330505e-02
-4.159056767821311951e-02
-4.434750974178314209e-02
-4.675349593162536621e-02
-4.880516976118087769e-02
-5.050007626414299011e-02
-5.183651298284530640e-02
-5.281379073858261108e-02
-5.343244969844818115e-02
-5.369465053081512451e-02
-5.360466986894607544e-02
-5.316933616995811462e-02
-5.239851027727127075e-02
-5.130542814731597900e-02
-4.990700632333755493e-02
-4.822388663887977600e-02
-4.628048464655876160e-02
-4.410471022129058838e-02
-4.172770678997039795e-02
-3.918321430683135986e-02
-3.650704771280288696e-02
-3.373633325099945068e-02
-3.090872988104820251e-02
-2.806156128644943237e-02
-2.523100189864635468e-02
-2.245124429464340210e-02
-1.975371129810810089e-02
-1.716637611389160156e-02
-1.471314206719398499e-02
-1.241336949169635773e-02
-1.028156187385320663e-02
-8.327146992087364197e-03
-6.554523948580026627e-03
-4.963206592947244644e-03
-3.548170905560255051e-03
-2.300372580066323280e-03
-1.207411289215087891e-03
-2.542792062740772963e-04
5.757518811151385307e-04
1.300276140682399273e-03
1.936833839863538742e-03
2.502098679542541504e-03
3.011132357642054558e-03
3.476837417110800743e-03
3.909496590495109558e-03
4.316639620810747147e-03
4.702987149357795715e-03
5.070726852864027023e-03
5.419896915555000305e-03
5.748915020376443863e-03
6.055294536054134369e-03
6.336322985589504242e-03
6.589744705706834793e-03
6.814419291913509369e-03
7.010820787400007248e-03
7.181361317634582520e-03
7.330531720072031021e-03
7.464864291250705719e-03
7.592624053359031677e-03
7.723416667431592941e-03
7.867563515901565552e-03
8.035444654524326324e-03
8.236791938543319702e-03
8.479993790388107300e-03
8.771482855081558228e-03
9.115241467952728271e-03
9.512446820735931396e-03
9.961306117475032806e-03
1.045705657452344894e-02
1.099209487438201904e-02
1.155634876340627670e-02
1.213764864951372147e-02
1.272225752472877502e-02
1.329543814063072205e-02
1.384200062602758408e-02
1.434691436588764191e-02
1.479577645659446716e-02
1.517537236213684082e-02
1.547403261065483093e-02
1.568205654621124268e-02
1.579193584620952606e-02
1.579865813255310059e-02
1.569979637861251831e-02
1.549558993428945541e-02
1.518891565501689911e-02
1.478520408272743225e-02
1.429220195859670639e-02
1.371964812278747559e-02
1.307890005409717560e-02
1.238241419196128845e-02
1.164317782968282700e-02
1.087413076311349869e-02
1.008750870823860168e-02
9.294268675148487091e-03
8.503546006977558136e-03
7.722204551100730896e-03
6.954539101570844650e-03
6.202098447829484940e-03
5.463680252432823181e-03
4.735527560114860535e-03
4.011644981801509857e-03
3.284282051026821136e-03
2.544523915275931358e-03
1.782983541488647461e-03
9.904594626277685165e-04
1.587197184562683105e-04
-7.189065217971801758e-04
-1.646902877837419510e-03
-2.627127803862094879e-03
-3.658472560346126556e-03
-4.736726637929677963e-03
-5.854546092450618744e-03
-7.001650985330343246e-03
-8.165135979652404785e-03
-9.329945780336856842e-03
-1.047944370657205582e-02
-1.159609481692314148e-02
-1.266216486692428589e-02
-1.366047002375125885e-02
-1.457506231963634491e-02
-1.539188995957374573e-02
-1.609933748841285706e-02
-1.668861135840415955e-02
-1.715404167771339417e-02
-1.749316602945327759e-02
-1.770662888884544373e-02
-1.779798045754432678e-02
-1.777329295873641968e-02
-1.764064654707908630e-02
-1.740957982838153839e-02
-1.709043979644775391e-02
-1.669380813837051392e-02
-1.622988097369670868e-02
-1.570803299546241760e-02
-1.513636484742164612e-02
-1.452144514769315720e-02
-1.386819127947092056e-02
-1.317981537431478500e-02
-1.245793420821428299e-02
-1.170274242758750916e-02
-1.091328822076320648e-02
-1.008777134120464325e-02
-9.223860688507556915e-03
-8.319064974784851074e-03
-7.371042389422655106e-03
-6.377873476594686508e-03
-5.338340066373348236e-03
-4.252152517437934875e-03
-3.120082197710871696e-03
-1.944103161804378033e-03
-7.274341187439858913e-04
5.254223942756652832e-04
1.808712026104331017e-03
3.115504048764705658e-03
4.437800031155347824e-03
5.766677204519510269e-03
7.092421874403953552e-03
8.404757827520370483e-03
9.693015366792678833e-03
1.094632502645254135e-02
1.215380895882844925e-02
1.330480910837650299e-02
1.438899990171194077e-02
1.539661642163991928e-02
1.631856150925159454e-02
1.714655384421348572e-02
1.787322759628295898e-02
1.849222928285598755e-02
1.899824477732181549e-02
1.938707381486892700e-02
1.965559832751750946e-02
1.980173774063587189e-02
1.982440985739231110e-02
1.972341164946556091e-02
1.949931122362613678e-02
1.915334723889827728e-02
1.868725568056106567e-02
1.810322515666484833e-02
1.740380190312862396e-02
1.659185439348220825e-02
1.567058078944683075e-02
1.464359462261199951e-02
1.351499184966087341e-02
1.228951197117567062e-02
1.097270101308822632e-02
9.571029804646968842e-03
8.092056959867477417e-03
6.544524803757667542e-03
4.938410595059394836e-03
3.284929553046822548e-03
1.596449175849556923e-03
-1.136271457653492689e-04
-1.831068773753941059e-03
-3.541050711646676064e-03
-5.228469148278236389e-03
-6.878192070871591568e-03
-8.475434035062789917e-03
-1.000603660941123962e-02
-1.145677082240581512e-02
-1.281557139009237289e-02
-1.407178211957216263e-02
-1.521628443151712418e-02
-1.624163612723350525e-02
-1.714208722114562988e-02
-1.791357621550559998e-02
-1.855368539690971375e-02
-1.906151510775089264e-02
-1.943753845989704132e-02
-1.968341134488582611e-02
-1.980180479586124420e-02
-1.979615353047847748e-02
-1.967048645019531250e-02
-1.942921429872512817e-02
-1.907699368894100189e-02
-1.861854642629623413e-02
-1.805860549211502075e-02
-1.740184798836708069e-02
-1.665285974740982056e-02
-1.581624522805213928e-02
-1.489661447703838348e-02
-1.389876194298267365e-02
-1.282774750143289566e-02
-1.168907154351472855e-02
-1.048877369612455368e-02
-9.233590215444564819e-03
-7.931035012006759644e-03
-6.589454133063554764e-03
-5.218052305281162262e-03
-3.826864063739776611e-03
-2.426688093692064285e-03
-1.028939266689121723e-03
3.544820647221058607e-04
1.711413264274597168e-03
3.029621206223964691e-03
4.297078587114810944e-03
5.502182524651288986e-03
6.634020246565341949e-03
7.682573515921831131e-03
8.638977073132991791e-03
9.495656006038188934e-03
1.024653390049934387e-02
1.088712271302938461e-02
1.141460426151752472e-02
1.182787399739027023e-02
1.212753821164369583e-02
1.231582928448915482e-02
1.239652279764413834e-02
1.237482205033302307e-02
1.225710194557905197e-02
1.205075252801179886e-02
1.176389399915933609e-02
1.140511687844991684e-02
1.098319329321384430e-02
1.050681713968515396e-02
9.984337724745273590e-03
9.423543699085712433e-03
8.831495419144630432e-03
8.214413188397884369e-03
7.577608805149793625e-03
6.925555411726236343e-03
6.261991336941719055e-03
5.590020678937435150e-03
4.912407137453556061e-03
4.231764934957027435e-03
3.550791880115866661e-03
2.872533164918422699e-03
2.200544811785221100e-03
1.538984477519989014e-03
8.926879963837563992e-04
2.670983376447111368e-04
-3.318563103675842285e-04
-8.979861740954220295e-04
-1.425091642886400223e-03
-1.907269936054944992e-03
-2.339220605790615082e-03
-2.716544549912214279e-03
-3.035980742424726486e-03
-3.295620204880833626e-03
-3.494943259283900261e-03
-3.634915687143802643e-03
-3.717848099768161774e-03
-3.747284412384033203e-03
-3.727800212800502777e-03
-3.664719639346003532e-03
-3.563879989087581635e-03
-3.431337652727961540e-03
-3.273126203566789627e-03
-3.095048246905207634e-03
-2.902483800426125526e-03
-2.700317185372114182e-03
-2.492811065167188644e-03
-2.283608773723244667e-03
-2.075745025649666786e-03
-1.871661166660487652e-03
-1.673258841037750244e-03
-1.481985091231763363e-03
-1.298825722187757492e-03
-1.124444068409502506e-03
-9.591926936991512775e-04
-8.032007608562707901e-04
-6.564474897459149361e-04
-5.188377108424901962e-04
-3.903168835677206516e-04
-2.709453401621431112e-04
-1.610211184015497565e-04
-6.116181612014770508e-05
2.761185169219970703e-05
1.038379123201593757e-04
1.656098465900868177e-04
2.106146712321788073e-04
2.362545928917825222e-04
2.397779026068747044e-04
2.184667537221685052e-04
1.698922715149819851e-04
9.211980795953422785e-05
-1.607172998774331063e-05
-1.549613079987466335e-04
-3.237898054067045450e-04
-5.206333007663488388e-04
-7.424114737659692764e-04
-9.849270572885870934e-04
-1.243030070327222347e-03
-1.510752597823739052e-03
-1.781602739356458187e-03
-2.048770664259791374e-03
-2.305454574525356293e-03
-2.545077819377183914e-03
-2.761570969596505165e-03
-2.949560759589076042e-03
-3.104523755609989166e-03
-3.222894389182329178e-03
-3.302114782854914665e-03
-3.340640105307102203e-03
-3.337886650115251541e-03
-3.294110298156738281e-03
-3.210325259715318680e-03
-3.088104305788874626e-03
-2.929466543719172478e-03
-2.736663678660988808e-03
-2.512022852897644043e-03
-2.257839776575565338e-03
-1.976198516786098480e-03
-1.668891170993447304e-03
-1.337365130893886089e-03
-9.826620807871222496e-04
-6.054449477232992649e-04
-2.060424885712563992e-04
2.154765825252979994e-04
6.591619458049535751e-04
1.125036040320992470e-03
1.612938940525054932e-03
2.122317673638463020e-03
2.652064897119998932e-03
3.200339851900935173e-03
3.764442168176174164e-03
4.340718034654855728e-03
4.924481268972158432e-03
5.510090850293636322e-03
6.090959534049034119e-03
6.659744307398796082e-03
7.208481431007385254e-03
7.728865370154380798e-03
8.212462998926639557e-03
8.651028387248516083e-03
9.036738425493240356e-03
9.362476877868175507e-03
9.622006677091121674e-03
9.810185059905052185e-03
9.923043660819530487e-03
9.957876056432723999e-03
9.913193993270397186e-03
9.788719937205314636e-03
9.585245512425899506e-03
9.304497390985488892e-03
8.948998525738716125e-03
8.521857671439647675e-03
8.026638999581336975e-03
7.467187009751796722e-03
6.847518961876630783e-03
6.171705666929483414e-03
5.443861708045005798e-03
4.668061155825853348e-03
3.848432563245296478e-03
2.989148953929543495e-03
2.094512106850743294e-03
1.169054070487618446e-03
2.175975241698324680e-04
-7.546312408521771431e-04
-1.741961459629237652e-03
-2.738218288868665695e-03
-3.736712038516998291e-03
-4.730288404971361160e-03
-5.711373407393693924e-03
-6.672069430351257324e-03
-7.604336366057395935e-03
-8.500119671225547791e-03
-9.351555258035659790e-03
-1.015117391943931580e-02
-1.089204102754592896e-02
-1.156798377633094788e-02
-1.217363588511943817e-02
-1.270458288490772247e-02
-1.315736304968595505e-02
-1.352943852543830872e-02
-1.381916366517543793e-02
-1.402565371245145798e-02
-1.414864882826805115e-02
-1.418843213468790054e-02
-1.414562575519084930e-02
-1.402112469077110291e-02
-1.381598599255084991e-02
-1.353139709681272507e-02
-1.316863484680652618e-02
-1.272909622639417648e-02
-1.221434865146875381e-02
-1.162620354443788528e-02
-1.096676662564277649e-02
-1.023854687809944153e-02
-9.444500319659709930e-03
-8.588132448494434357e-03
-7.673464715480804443e-03
-6.705132778733968735e-03
-5.688311532139778137e-03
-4.628745838999748230e-03
-3.532701171934604645e-03
-2.406908432021737099e-03
-1.258528907783329487e-03
-9.506692731520161033e-05
1.075665932148694992e-03
2.245655516162514687e-03
3.406750736758112907e-03
4.550735931843519211e-03
5.669475533068180084e-03
6.754957139492034912e-03
7.799437269568443298e-03
8.795518428087234497e-03
9.736260399222373962e-03
1.061527524143457413e-02
1.142678037285804749e-02
1.216566842049360275e-02
1.282752305269241333e-02
1.340866275131702423e-02
1.390607655048370361e-02
1.431748270988464355e-02
1.464121695607900620e-02
1.487625017762184143e-02
1.502216234803199768e-02
1.507908478379249573e-02
1.504775509238243103e-02
1.492944359779357910e-02
1.472604088485240936e-02
1.444001123309135437e-02
1.407442614436149597e-02
1.363295037299394608e-02
1.311981957405805588e-02
1.253977045416831970e-02
1.189799513667821884e-02
1.119999401271343231e-02
1.045150775462388992e-02
9.658345021307468414e-03
8.826249279081821442e-03
7.960807532072067261e-03
7.067308761179447174e-03
6.150684319436550140e-03
5.215465091168880463e-03
4.265795927494764328e-03
3.305454971268773079e-03
2.337943296879529953e-03
1.366577227599918842e-03
3.946282668039202690e-04
-5.745730595663189888e-04
-1.537485281005501747e-03
-2.490293700248003006e-03
-3.428785363212227821e-03
-4.348358139395713806e-03
-5.243973806500434875e-03
-6.110238377004861832e-03
-6.941467523574829102e-03
-7.731814403086900711e-03
-8.475366979837417603e-03
-9.166361764073371887e-03
-9.799274615943431854e-03
-1.036905497312545776e-02
-1.087117381393909454e-02
-1.130179688334465027e-02
-1.165786944329738617e-02
-1.193715259432792664e-02
-1.213826891034841537e-02
-1.226070802658796310e-02
-1.230480149388313293e-02
-1.227168738842010498e-02
-1.216325629502534866e-02
-1.198208332061767578e-02
-1.173135265707969666e-02
-1.141478959470987320e-02
-1.103656087070703506e-02
-1.060122624039649963e-02
-1.011360902339220047e-02
-9.578775614500045776e-03
-9.001926518976688385e-03
-8.388350717723369598e-03
-7.743355352431535721e-03
-7.072248496115207672e-03
-6.380278151482343674e-03
-5.672615487128496170e-03
-4.954355303198099136e-03
-4.230493679642677307e-03
-3.505945205688476562e-03
-2.785554388538002968e-03
-2.074086805805563927e-03
-1.376255531795322895e-03
-6.967037916183471680e-04
-3.998809552285820246e-05
5.894112982787191868e-04
1.187166431918740273e-03
1.749154645949602127e-03
2.271513221785426140e-03
2.750755287706851959e-03
3.183864988386631012e-03
3.568409942090511322e-03
3.902659751474857330e-03
4.185679834336042404e-03
4.417444113641977310e-03
4.598903004080057144e-03
4.731987137347459793e-03
4.819627385586500168e-03
4.865674301981925964e-03
4.874799866229295731e-03
4.852333106100559235e-03
4.804062191396951675e-03
4.736000671982765198e-03
4.654120188206434250e-03
4.564132075756788254e-03
4.471196793019771576e-03
4.379769787192344666e-03
4.293395206332206726e-03
4.214634653180837631e-03
4.145004786550998688e-03
4.085026681423187256e-03
4.034277517348527908e-03
3.991548437625169754e-03
3.955004736781120300e-03
3.922376316040754318e-03
3.891150932759046555e-03
3.858770709484815598e-03
3.822763683274388313e-03
3.780892351642251015e-03
3.731220960617065430e-03
3.672185121104121208e-03
3.602579236030578613e-03
3.521556733176112175e-03
3.428580006584525108e-03
3.323384560644626617e-03
3.205926856026053429e-03
3.076316555961966515e-03
2.934847492724657059e-03
2.781905233860015869e-03
2.618032973259687424e-03
2.443913836032152176e-03
2.260406035929918289e-03
2.068599918857216835e-03
1.869816798716783524e-03
1.665660063736140728e-03
1.458009122870862484e-03
1.249003689736127853e-03
1.041054725646972656e-03
8.367035188712179661e-04
6.386074819602072239e-04
4.493859014473855495e-04
2.715107402764260769e-04
1.071294173016212881e-04
-4.199809336569160223e-05
-1.747417845763266087e-04
-2.906190056819468737e-04
-3.899493021890521049e-04
-4.738619027193635702e-04
-5.443344707600772381e-04
-6.041096057742834091e-04
-6.566378870047628880e-04
-7.058953051455318928e-04
-7.562323007732629776e-04
-8.121273713186383247e-04
-8.779871859587728977e-04
-9.578673634678125381e-04
-1.055279513821005821e-03
-1.172952353954315186e-03
-1.312694628722965717e-03
-1.475270371884107590e-03
-1.660357695072889328e-03
-1.866533537395298481e-03
-2.091348171234130859e-03
-2.331474563106894493e-03
-2.582811750471591949e-03
-2.840747358277440071e-03
-3.100329777225852013e-03
-3.356511471793055534e-03
-3.604348283261060715e-03
-3.839221317321062088e-03
-4.056931473314762115e-03
-4.253892228007316589e-03
-4.427161533385515213e-03
-4.574507474899291992e-03
-4.694403149187564850e-03
-4.785991273820400238e-03
-4.849013406783342361e-03
-4.883749410510063171e-03
-4.890902899205684662e-03
-4.871497396379709244e-03
-4.826770164072513580e-03
-4.758068360388278961e-03
-4.666719119995832443e-03
-4.554009996354579926e-03
-4.421033896505832672e-03
-4.268701653927564621e-03
-4.097671248018741608e-03
-3.908354323357343674e-03
-3.700937610119581223e-03
-3.475398756563663483e-03
-3.231609007343649864e-03
-2.969365101307630539e-03
-2.688515465706586838e-03
-2.389038680121302605e-03
-2.071124734356999397e-03
-1.735257566906511784e-03
-1.382289687171578407e-03
-1.013421337120234966e-03
-6.302263936959207058e-04
-2.346353430766612291e-04
1.711522490950301290e-04
5.847521824762225151e-04
1.003637909889221191e-03
1.425277907401323318e-03
1.847213367000222206e-03
2.267098287120461464e-03
2.682748017832636833e-03
3.092183033004403114e-03
3.493555821478366852e-03
3.885159036144614220e-03
4.265329800546169281e-03
4.632399417459964752e-03
4.984586499631404877e-03
5.319972056895494461e-03
5.636388901621103287e-03
5.931457504630088806e-03
6.202552001923322678e-03
6.446826737374067307e-03
6.661304272711277008e-03
6.842956878244876862e-03
6.988821551203727722e-03
7.096096873283386230e-03
7.162291090935468674e-03
7.185327354818582535e-03
7.163630798459053040e-03
7.096202112734317780e-03
6.982693448662757874e-03
6.823404692113399506e-03
6.619287654757499695e-03
6.371929310262203217e-03
6.083498243242502213e-03
5.756691098213195801e-03
5.394667387008666992e-03
5.000975448638200760e-03
4.579494241625070572e-03
4.134294111281633377e-03
3.669648431241512299e-03
3.189901588484644890e-03
2.699395874515175819e-03
2.202409086748957634e-03
1.703066984191536903e-03
1.205265522003173828e-03
7.126000127755105495e-04
2.283122739754617214e-04
-2.447888255119323730e-04
-7.043472724035382271e-04
-1.148487091995775700e-03
-1.575808506458997726e-03
-1.985381124541163445e-03
-2.376681426540017128e-03
-2.749547362327575684e-03
-3.104052506387233734e-03
-3.440465312451124191e-03
-3.759095212444663048e-03
-4.060211125761270523e-03
-4.343939945101737976e-03
-4.610193427652120590e-03
-4.858607891947031021e-03
-5.088508129119873047e-03
-5.298942327499389648e-03
-5.488664843142032623e-03
-5.656253080815076828e-03
-5.800132174044847488e-03
-5.918723065406084061e-03
-6.010503508150577545e-03
-6.074135657399892807e-03
-6.108524277806282043e-03
-6.112898234277963638e-03
-6.086861249059438705e-03
-6.030374206602573395e-03
-5.943785887211561203e-03
-5.827768705785274506e-03
-5.683293100446462631e-03
-5.511575378477573395e-03
-5.313972476869821548e-03
-5.091989878565073013e-03
-4.847167991101741791e-03
-4.581075627356767654e-03
-4.295270424336194992e-03
-3.991276025772094727e-03
-3.670598147436976433e-03
-3.334717592224478722e-03
-2.985090948641300201e-03
-2.623203676193952560e-03
-2.250534016638994217e-03
-1.868622144684195518e-03
-1.479066908359527588e-03
-1.083533745259046555e-03
-6.837894325144588947e-04
-2.817089261952787638e-04
1.207101668114773929e-04
5.213096737861633301e-04
9.177707834169268608e-04
1.307583530433475971e-03
1.688046613708138466e-03
2.056264318525791168e-03
2.409165957942605019e-03
2.743527293205261230e-03
3.056061686947941780e-03
3.343458753079175949e-03
3.602531971409916878e-03
3.830312052741646767e-03
4.024201072752475739e-03
4.182090517133474350e-03
4.302505869418382645e-03
4.384693223983049393e-03
4.428706131875514984e-03
4.435438197106122971e-03
4.406616091728210449e-03
4.344711080193519592e-03
4.252884071320295334e-03
4.134813789278268814e-03
3.994530998170375824e-03
3.836255054920911789e-03
3.664176445454359055e-03
3.482318483293056488e-03
3.294348716735839844e-03
3.103476483374834061e-03
2.912344178184866905e-03
2.722988603636622429e-03
2.536809304729104042e-03
2.354582073166966438e-03
2.176490845158696175e-03
2.002228517085313797e-03
1.831030705943703651e-03
1.661808928474783897e-03
1.493248622864484787e-03
1.323917647823691368e-03
1.152382115833461285e-03
9.773365454748272896e-04
7.977096829563379288e-04
6.127531523816287518e-04
4.221474227961152792e-04
2.260696492157876492e-04
2.519951885915361345e-05
-1.792394468793645501e-04
-3.855187096633017063e-04
-5.914957728236913681e-04
-7.946797413751482964e-04
-9.923742618411779404e-04
-1.181820989586412907e-03
-1.360344351269304752e-03
-1.525496481917798519e-03
-1.675200997851788998e-03
-1.807831227779388428e-03
-1.922301948070526123e-03
-2.018051920458674431e-03
-2.095065079629421234e-03
-2.153774024918675423e-03
-2.194991568103432655e-03
-2.219815971329808235e-03
-2.229461213573813438e-03
-2.225186210125684738e-03
-2.208198886364698410e-03
-2.179543254896998405e-03
-2.140103140845894814e-03
-2.090551890432834625e-03
-2.031420590355992317e-03
-1.963084796443581581e-03
-1.885884325020015240e-03
-1.800166210159659386e-03
-1.706361770629882812e-03
-1.605041325092315674e-03
-1.496959012001752853e-03
-1.383109251037240028e-03
-1.264689723029732704e-03
-1.143110333941876888e-03
-1.019956311210989952e-03
-8.969389600679278374e-04
-7.758347783237695694e-04
-6.584285292774438858e-04
-5.464412970468401909e-04
-4.414833383634686470e-04
-3.449560899753123522e-04
-2.580417494755238295e-04
-1.816261210478842258e-04
-1.162721018772572279e-04
-6.220572686288505793e-05
-1.926471850310917944e-05
1.306583453697385266e-05
3.565764927770942450e-05
4.969951260136440396e-05
5.665504431817680597e-05
5.819896978209726512e-05
5.612356835626997054e-05
5.228155350778251886e-05
4.845361036132089794e-05
4.625485962606035173e-05
4.707690823124721646e-05
5.196614438318647444e-05
6.159974145703017712e-05
7.623351120855659246e-05
9.571263944962993264e-05
1.195172444568015635e-04
1.468054106226190925e-04
1.765083870850503445e-04
2.074498333968222141e-04
2.384591498412191868e-04
2.685007057152688503e-04
2.967599430121481419e-04
3.227757115382701159e-04
3.464561305008828640e-04
3.681489033624529839e-04
3.886015911120921373e-04
4.089333815500140190e-04
4.305748443584889174e-04
4.551617603283375502e-04
4.844168724957853556e-04
5.200670566409826279e-04
5.636869464069604874e-04
6.166332168504595757e-04
6.799027323722839355e-04
7.541237864643335342e-04
8.394510950893163681e-04
9.355611400678753853e-04
1.041617710143327713e-03
1.156319398432970047e-03
1.277906238101422787e-03
1.404196023941040039e-03
1.532666385173797607e-03
1.660519163124263287e-03
1.784763415344059467e-03
1.902328571304678917e-03
2.010145923122763634e-03
2.105259336531162262e-03
2.184936543926596642e-03
2.246716059744358063e-03
2.288523595780134201e-03
2.308701397851109505e-03
2.306043170392513275e-03
2.279785694554448128e-03
2.229623496532440186e-03
2.155609428882598877e-03
2.058176556602120399e-03
1.938006142154335976e-03
1.795983989723026752e-03
1.633167266845703125e-03
1.450679381377995014e-03
1.249752938747406006e-03
1.031638006679713726e-03
7.976922788657248020e-04
5.493611097335815430e-04
2.882033586502075195e-04
1.600798714207485318e-05
-2.652398543432354927e-04
-5.532742943614721298e-04
-8.455316419713199139e-04
-1.139178057201206684e-03
-1.431105076335370541e-03
-1.717991312034428120e-03
-1.996373059228062630e-03
-2.262735506519675255e-03
-2.513619838282465935e-03
-2.745736856013536453e-03
-2.956063486635684967e-03
-3.141961060464382172e-03
-3.301252843812108040e-03
-3.432282246649265289e-03
-3.533968469128012657e-03
-3.605788806453347206e-03
-3.647798439487814903e-03
-3.660568734630942345e-03
-3.645146032795310020e-03
-3.602976677939295769e-03
-3.535832744091749191e-03
-3.445735434070229530e-03
-3.334845881909132004e-03
-3.205419518053531647e-03
-3.059719922021031380e-03
-2.899934770539402962e-03
-2.728153485804796219e-03
-2.546263160184025764e-03
-2.355967881157994270e-03
-2.158718882128596306e-03
-1.955699641257524490e-03
-1.747832517139613628e-03
-1.535805524326860905e-03
-1.320035895332694054e-03
-1.100773573853075504e-03
-8.781047072261571884e-04
-6.520160241052508354e-04
-4.224760632496327162e-04
-1.894591550808399916e-04
4.696432006312534213e-05
2.865998249035328627e-04
5.290781264193356037e-04
7.738347048871219158e-04
1.020104507915675640e-03
1.266904175281524658e-03
1.513059716671705246e-03
1.757219433784484863e-03
1.997878076508641243e-03
2.233419101685285568e-03
2.462106524035334587e-03
2.682160120457410812e-03
2.891740063205361366e-03
3.088980913162231445e-03
3.272031666710972786e-03
3.439042251557111740e-03
3.588217077776789665e-03
3.717827377840876579e-03
