1.411845170133889884e-08
7.148339149624018951e-01
1.013531050464169692e+00
1.442274420463174556e+00
1.318171777831731450e+00
1.201694687657537397e+00
1.174610250331726835e+00
1.180440029315894535e+00
1.193793939741998766e+00
1.207634948071548475e+00
1.220192081286738839e+00
1.231100869658737329e+00
1.240406834813657433e+00
1.248278015971260535e+00
1.254907693853700712e+00
1.260479635246339214e+00
1.265157085429261308e+00
1.269080946423576162e+00
1.272371240885977528e+00
1.275129533627730183e+00
1.277441453464469800e+00
1.279379028690555087e+00
1.281002756773207851e+00
1.282363400850942359e+00
1.283503530361528977e+00
1.284458831539017520e+00
1.285259215749035899e+00
1.285929753068726811e+00
1.286491456536625222e+00
1.286961939839057489e+00
1.287355968327275946e+00
1.287685920458052857e+00
1.287962174176244146e+00
1.288193430478958401e+00
1.288386984431417304e+00
1.288548952228433464e+00
1.288684461482593635e+00
1.288797810736465266e+00
1.288892603207572929e+00
1.288971858950599625e+00
1.289038108934519755e+00
1.289093473960005287e+00
1.289139730865240807e+00
1.289178368070102110e+00
1.289210632176168048e+00
1.289237567062119227e+00
1.289260046681629301e+00
1.289278802576318883e+00
1.289294446953280771e+00
1.289307492040207670e+00
1.289318366316524855e+00
1.289327428122871488e+00
1.289334977070702548e+00
1.289341263606026633e+00
1.289346497024570937e+00
1.289350852187876928e+00
1.289354475149819823e+00
1.289357487869401409e+00
1.289359992157380397e+00
1.289362072980610341e+00
1.289363801228021078e+00
1.289365236025416639e+00
1.289366426672264421e+00
1.289367414261816780e+00
1.289368233036008338e+00
1.289368911518279592e+00
1.289369473460479476e+00
1.289369938634160606e+00
1.289370323491666026e+00
1.289370641718273536e+00
1.289370904693242226e+00
1.289371121874658410e+00
1.289371301120616931e+00
1.289371448957141730e+00
1.289371570801666200e+00
1.289371671149333931e+00
1.289371753728307590e+00
1.289371821629140991e+00
1.289371877412569312e+00
1.289371923199245540e+00
1.289371960744430723e+00
1.289371991500149583e+00
1.289372016666887610e+00
1.289372037236563351e+00
1.289372054028256276e+00
1.289372067717879711e+00
1.289372078862819793e+00
1.289372087922389554e+00
1.289372095274813113e+00
1.289372101231280210e+00
1.289372106047622868e+00
1.289372109933977884e+00
1.289372113062789094e+00
1.289372115575430300e+00
1.289372117587682443e+00
1.289372119194266419e+00
1.289372120472575656e+00
1.289372121485780287e+00
1.289372122285352695e+00
1.289372122913196694e+00
