2.500000000000000000e-01
2.491675168275833130e-01
1.939904391765594482e-01
3.074257820844650269e-02
-5.591915547847747803e-02
-6.642629206180572510e-02
-6.266897916793823242e-02
-5.942928045988082886e-02
-5.729775130748748779e-02
-5.574993789196014404e-02
-5.453542619943618774e-02
-5.356048792600631714e-02
-5.278019607067108154e-02
-5.216144025325775146e-02
-5.167469382286071777e-02
-5.129371583461761475e-02
-5.099612474441528320e-02
-5.076371878385543823e-02
-5.058204382658004761e-02
-5.043987929821014404e-02
-5.032853782176971436e-02
-5.024135112762451172e-02
-5.017316341400146484e-02
-5.011993646621704102e-02
-5.007854104042053223e-02
-5.004653334617614746e-02
-5.002193897962570190e-02
-5.000320076942443848e-02
-4.998908936977386475e-02
-4.997859895229339600e-02
-4.997094720602035522e-02
-4.996550083160400391e-02
-4.996176809072494507e-02
-4.995933920145034790e-02
-4.995788633823394775e-02
-4.995719343423843384e-02
-4.995703697204589844e-02
-4.995726794004440308e-02
-4.995778203010559082e-02
-4.995846748352050781e-02
-4.995927214622497559e-02
-4.996013641357421875e-02
-4.996101558208465576e-02
-4.996189475059509277e-02
-4.996275156736373901e-02
-4.996357113122940063e-02
-4.996433109045028687e-02
-4.996504634618759155e-02
-4.996570199728012085e-02
-4.996630549430847168e-02
-4.996684938669204712e-02
-4.996734112501144409e-02
-4.996779561042785645e-02
-4.996819794178009033e-02
-4.996855556964874268e-02
-4.996887594461441040e-02
-4.996915161609649658e-02
-4.996940493583679199e-02
-4.996962845325469971e-02
-4.996982216835021973e-02
-4.997000098228454590e-02
-4.997014254331588745e-02
-4.997028410434722900e-02
-4.997039586305618286e-02
-4.997049272060394287e-02
-4.997058212757110596e-02
-4.997065663337707520e-02
-4.997073113918304443e-02
-4.997078329324722290e-02
-4.997083544731140137e-02
-4.997088015079498291e-02
-4.997091740369796753e-02
-4.997095465660095215e-02
-4.997096955776214600e-02
-4.997100681066513062e-02
-4.997102916240692139e-02
-4.997104406356811523e-02
-4.997105896472930908e-02
-4.997107386589050293e-02
-4.997108876705169678e-02
-4.997110366821289062e-02
-4.997110366821289062e-02
-4.997111856937408447e-02
-4.997111856937408447e-02
-4.997112601995468140e-02
-4.997113347053527832e-02
-4.997113347053527832e-02
-4.997113347053527832e-02
-4.997114092111587524e-02
-4.997114837169647217e-02
-4.997114837169647217e-02
-4.997114837169647217e-02
-4.997114837169647217e-02
-4.997114837169647217e-02
-4.997114837169647217e-02
-4.997115582227706909e-02
-4.997115582227706909e-02
-4.997115582227706909e-02
-4.997115582227706909e-02
-4.997115582227706909e-02
