9.317368e-01	1
8.823369e-01	2
9.831216e-01	3
9.814478e-01	4
9.762872e-01	5
9.812188e-01	6
9.673360e-01	7
9.687071e-01	8
9.775042e-01	9
9.530788e-01	10
9.828844e-01	20
9.708037e-01	30
9.864069e-01	40
9.806437e-01	50
9.893424e-01	60
9.819305e-01	70
9.819081e-01	80
9.798905e-01	90
9.942244e-01	100
---
5.339102e-01	1
9.540597e-01	2
9.821690e-01	3
9.438686e-01	4
9.849241e-01	5
9.454216e-01	6
9.819046e-01	7
6.479581e-01	8
9.870616e-01	9
7.798096e-01	10
9.847573e-01	20
9.835084e-01	30
9.664322e-01	40
9.812513e-01	50
9.780292e-01	60
9.837260e-01	70
9.753296e-01	80
9.847554e-01	90
9.912607e-01	100
---
8.586522e-01	1
9.890873e-01	2
9.815652e-01	3
9.832577e-01	4
9.726474e-01	5
9.724807e-01	6
9.728051e-01	7
9.779217e-01	8
9.711200e-01	9
9.613292e-01	10
9.770647e-01	20
9.792558e-01	30
9.755173e-01	40
9.838689e-01	50
9.849582e-01	60
9.917344e-01	70
9.844064e-01	80
9.876490e-01	90
9.646236e-01	100
---
9.757587e-01	1
9.601485e-01	2
9.530816e-01	3
7.225543e-01	4
9.880649e-01	5
9.832820e-01	6
9.542377e-01	7
8.370743e-01	8
9.371401e-01	9
9.803528e-01	10
9.775154e-01	20
9.838568e-01	30
6.619888e-01	40
9.826977e-01	50
9.818214e-01	60
9.494319e-01	70
9.848963e-01	80
9.910323e-01	90
9.947103e-01	100
---
---
---
---
---
---
---
---
9.961946e-01	20
9.963076e-01	20
9.977995e-01	20
9.986961e-01	20
9.993635e-01	20
9.888940e-01	20
9.990015e-01	20
9.996070e-01	20
9.957124e-01	30
9.992126e-01	30
9.971551e-01	30
9.991879e-01	30
9.993977e-01	30
9.997519e-01	30
9.932806e-01	30
9.954227e-01	40
---
9.987514e-01	40
9.997861e-01	40
9.993501e-01	40
9.998606e-01	40
9.998221e-01	40
9.881082e-01	40
9.997220e-01	20
9.998473e-01	30
9.998471e-01	40
---
---
---
---
---
---
---
---
9.993645e-01	10
9.894138e-01	10
9.949780e-01	10
9.996599e-01	10
9.935279e-01	10
9.997924e-01	20
9.903812e-01	20
9.972723e-01	10
9.997528e-01	20
9.957795e-01	20
9.960206e-01	20
9.965440e-01	10
9.970159e-01	10
9.997884e-01	30
9.995996e-01	30
9.930575e-01	30
9.961284e-01	30
9.990927e-01	20
9.982285e-01	30
9.996246e-01	20
9.980678e-01	20
9.994853e-01	40
9.996653e-01	40
9.932279e-01	40
9.947284e-01	40
9.985894e-01	40
9.984768e-01	30
9.995177e-01	30
9.996599e-01	30
9.998877e-01	50
9.946257e-01	50
9.975366e-01	50
9.996998e-01	50
9.993101e-01	50
9.992247e-01	40
9.997852e-01	40
9.997850e-01	40
9.972481e-01	60
9.992623e-01	60
9.998606e-01	60
9.998115e-01	60
9.996206e-01	60
9.997884e-01	50
9.997897e-01	50
9.996907e-01	50
9.980842e-01	70
9.995939e-01	70
9.989555e-01	70
9.998150e-01	60
9.994557e-01	70
9.997622e-01	70
9.998844e-01	60
9.997545e-01	60
9.974878e-01	80
9.990356e-01	80
9.997447e-01	80
9.995281e-01	70
9.998936e-01	80
9.998796e-01	80
9.989116e-01	90
9.995945e-01	90
9.998385e-01	70
9.998710e-01	70
9.998223e-01	90
9.998289e-01	80
9.999099e-01	90
9.983829e-01	100
---
9.998890e-01	80
9.998614e-01	100
9.999078e-01	80
9.996896e-01	90
9.998907e-01	90
9.999308e-01	100
9.998855e-01	90
9.998577e-01	90
9.995310e-01	100
9.999399e-01	100
9.998985e-01	100
9.994259e-01	100
9.995309e-01	10
9.997507e-01	20
9.998033e-01	30
9.999043e-01	40
9.995770e-01	50
9.998010e-01	60
9.997193e-01	70
9.999231e-01	80
9.998623e-01	90
9.999096e-01	100
---
---
---
---
---
---
---
---
9.930887e-01	1
9.911873e-01	1
9.850944e-01	1
9.943035e-01	2
9.939184e-01	1
9.967963e-01	1
9.986116e-01	1
9.987850e-01	1
9.933958e-01	2
9.948457e-01	2
9.851844e-01	2
9.918104e-01	3
9.971970e-01	2
9.928175e-01	2
9.978957e-01	2
9.991824e-01	2
9.948086e-01	3
9.928207e-01	3
9.874177e-01	3
9.931385e-01	4
9.912377e-01	3
9.953432e-01	3
9.971225e-01	3
9.988248e-01	3
9.954541e-01	4
9.916028e-01	4
9.867893e-01	4
9.942218e-01	5
9.970468e-01	4
9.971317e-01	4
9.987479e-01	4
9.994404e-01	4
9.966652e-01	5
9.952217e-01	5
9.914024e-01	5
9.962894e-01	6
9.964776e-01	5
9.949577e-01	5
9.990568e-01	5
9.990296e-01	5
9.969638e-01	6
9.915057e-01	6
9.917643e-01	6
9.939313e-01	7
9.973039e-01	6
9.955660e-01	6
9.979491e-01	6
9.989670e-01	6
9.894855e-01	7
9.938811e-01	7
9.952913e-01	8
9.918666e-01	7
9.896265e-01	7
9.990613e-01	7
9.988691e-01	7
9.937302e-01	8
9.950863e-01	8
9.972731e-01	9
9.980018e-01	8
9.937018e-01	8
9.952803e-01	8
9.972562e-01	8
9.994360e-01	8
9.954336e-01	9
9.930529e-01	9
9.967375e-01	9
9.897559e-01	9
9.982783e-01	9
9.968977e-01	9
9.989118e-01	9
---
9.995022e-01	1
9.996880e-01	2
9.994360e-01	3
9.993755e-01	4
9.997599e-01	5
9.990899e-01	6
9.994627e-01	7
9.994214e-01	8
9.996113e-01	9
9.994201e-01	10
9.997667e-01	20
9.998579e-01	30
9.997931e-01	40
9.998971e-01	50
9.999221e-01	60
9.999221e-01	70
9.998209e-01	80
9.998439e-01	90
9.999281e-01	100
