8.673008e-01	1
8.248227e-01	2
9.342607e-01	3
9.315176e-01	4
9.212496e-01	5
9.312452e-01	6
9.089329e-01	7
9.110226e-01	8
9.235408e-01	9
8.895033e-01	10
9.291637e-01	20
9.142066e-01	30
9.387177e-01	40
9.292523e-01	50
9.473038e-01	60
9.318132e-01	70
9.300528e-01	80
9.277397e-01	90
9.593033e-01	100
---
6.326199e-01	1
8.898146e-01	2
9.322434e-01	3
8.805493e-01	4
9.379794e-01	5
8.819704e-01	6
9.308611e-01	7
6.875458e-01	8
9.402505e-01	9
7.510810e-01	10
9.368866e-01	20
9.354860e-01	30
9.075226e-01	40
9.306937e-01	50
9.255766e-01	60
9.357159e-01	70
9.142466e-01	80
9.380997e-01	90
9.518351e-01	100
---
8.083462e-01	1
9.475599e-01	2
9.313128e-01	3
9.340417e-01	4
9.145960e-01	5
9.139632e-01	6
9.145131e-01	7
9.240484e-01	8
9.146751e-01	9
9.011419e-01	10
9.227105e-01	20
9.269810e-01	30
9.214628e-01	40
9.358920e-01	50
9.374634e-01	60
9.538217e-01	70
9.323617e-01	80
9.436718e-01	90
9.010394e-01	100
---
9.216376e-01	1
8.995252e-01	2
8.897108e-01	3
7.256382e-01	4
9.433743e-01	5
9.299879e-01	6
8.849214e-01	7
7.933698e-01	8
8.731100e-01	9
9.294177e-01	10
9.246584e-01	20
9.359562e-01	30
6.537904e-01	40
9.335705e-01	50
9.317145e-01	60
8.812180e-01	70
9.346659e-01	80
9.525594e-01	90
9.618404e-01	100
---
---
---
---
---
---
---
---
9.684573e-01	20
9.667530e-01	20
9.764823e-01	20
9.772147e-01	20
9.840074e-01	20
9.466839e-01	20
9.840930e-01	20
9.899822e-01	20
9.653154e-01	30
9.791134e-01	30
9.714312e-01	30
9.851873e-01	30
9.806176e-01	30
9.836210e-01	30
9.559965e-01	30
9.651878e-01	40
---
9.761220e-01	40
9.842262e-01	40
9.838001e-01	40
9.671806e-01	40
9.926518e-01	40
9.451148e-01	40
9.845138e-01	20
9.666843e-01	30
9.908924e-01	40
---
---
---
---
---
---
---
---
9.818497e-01	10
9.478851e-01	10
9.635145e-01	10
9.882705e-01	10
9.586563e-01	10
9.839206e-01	20
9.508785e-01	20
9.714937e-01	10
9.814725e-01	20
9.655448e-01	20
9.679545e-01	20
9.705627e-01	10
9.722898e-01	10
9.786288e-01	30
9.821564e-01	30
9.579892e-01	30
9.687021e-01	30
9.838036e-01	20
9.789194e-01	30
9.902875e-01	20
9.769340e-01	20
9.886322e-01	40
9.814314e-01	40
9.585339e-01	40
9.617703e-01	40
9.761267e-01	40
9.798439e-01	30
9.871204e-01	30
9.780094e-01	30
9.877925e-01	50
9.632534e-01	50
9.739662e-01	50
9.911590e-01	50
9.857398e-01	50
9.839143e-01	40
9.922603e-01	40
9.885957e-01	40
9.727638e-01	60
9.857698e-01	60
9.929031e-01	60
9.931170e-01	60
9.883541e-01	60
9.900606e-01	50
9.920072e-01	50
9.869036e-01	50
9.751840e-01	70
9.731209e-01	70
9.837119e-01	70
9.930508e-01	60
9.777965e-01	70
9.843558e-01	70
9.902451e-01	60
9.869430e-01	60
9.749167e-01	80
9.683356e-01	80
9.883792e-01	80
9.884069e-01	70
9.947634e-01	80
9.942699e-01	80
9.825101e-01	90
9.858604e-01	90
9.932985e-01	70
9.879978e-01	70
9.885677e-01	90
9.930422e-01	80
9.947986e-01	90
9.741710e-01	100
---
9.930157e-01	80
9.920483e-01	100
9.893931e-01	80
9.790018e-01	90
9.941243e-01	90
9.912594e-01	100
9.936309e-01	90
9.939408e-01	90
9.876067e-01	100
9.797653e-01	100
9.913633e-01	100
9.876197e-01	100
9.825041e-01	10
9.695952e-01	20
9.887716e-01	30
9.950499e-01	40
9.889956e-01	50
9.912408e-01	60
9.892862e-01	70
9.870606e-01	80
9.940532e-01	90
9.950052e-01	100
---
---
---
---
---
---
---
---
9.561886e-01	1
9.529628e-01	1
9.375534e-01	1
9.620168e-01	2
9.553522e-01	1
9.694677e-01	1
9.813299e-01	1
9.824964e-01	1
9.557354e-01	2
9.640595e-01	2
9.336365e-01	2
9.546615e-01	3
9.734284e-01	2
9.564649e-01	2
9.770286e-01	2
9.852896e-01	2
9.635638e-01	3
9.542602e-01	3
9.423789e-01	3
9.577926e-01	4
9.529745e-01	3
9.648982e-01	3
9.727864e-01	3
9.810827e-01	3
9.662079e-01	4
9.534284e-01	4
9.417759e-01	4
9.585345e-01	5
9.725890e-01	4
9.700837e-01	4
9.753890e-01	4
9.881634e-01	4
9.710869e-01	5
9.644646e-01	5
9.525701e-01	5
9.655584e-01	6
9.664257e-01	5
9.530606e-01	5
9.841667e-01	5
9.839135e-01	5
9.703021e-01	6
9.534289e-01	6
9.523781e-01	6
9.609830e-01	7
9.739835e-01	6
9.665443e-01	6
9.743601e-01	6
9.839186e-01	6
9.486354e-01	7
9.601775e-01	7
9.634428e-01	8
9.537268e-01	7
9.488840e-01	7
9.797529e-01	7
9.831704e-01	7
9.601793e-01	8
9.648723e-01	8
9.721635e-01	9
9.776271e-01	8
9.596883e-01	8
9.645164e-01	8
9.736901e-01	8
9.875617e-01	8
9.659596e-01	9
9.568103e-01	9
9.712383e-01	9
9.483978e-01	9
9.770599e-01	9
9.671078e-01	9
9.829178e-01	9
---
9.865783e-01	1
9.910035e-01	2
9.881038e-01	3
9.866751e-01	4
9.827805e-01	5
9.838202e-01	6
9.857688e-01	7
9.877666e-01	8
9.901263e-01	9
9.879405e-01	10
9.922270e-01	20
9.926669e-01	30
9.900251e-01	40
9.937924e-01	50
9.879415e-01	60
9.814486e-01	70
9.760455e-01	80
9.927664e-01	90
9.944858e-01	100
