-2.000000029802322388e-01
-2.007412463426589966e-01
-2.028605937957763672e-01
-2.060534954071044922e-01
-2.098385095596313477e-01
-2.135954350233078003e-01
-2.166144549846649170e-01
-2.181533873081207275e-01
-2.174987047910690308e-01
-2.140258252620697021e-01
-2.072531282901763916e-01
-1.968862116336822510e-01
-1.828469038009643555e-01
-1.652858257293701172e-01
-1.445750892162322998e-01
-1.212830767035484314e-01
-9.613221883773803711e-02
-6.994347274303436279e-02
-4.357306286692619324e-02
-1.784682087600231171e-02
6.501442287117242813e-03
2.888173982501029968e-02
4.888510704040527344e-02
6.630299985408782959e-02
8.112740516662597656e-02
9.353251755237579346e-02
1.038403064012527466e-01
1.124743446707725525e-01
1.199069395661354065e-01
1.266051977872848511e-01
1.329815834760665894e-01
1.393533945083618164e-01
1.459147483110427856e-01
1.527228355407714844e-01
1.596988737583160400e-01
1.666425168514251709e-01
1.732574701309204102e-01
1.791848689317703247e-01
1.840410232543945312e-01
1.874555498361587524e-01
1.891069710254669189e-01
1.887521594762802124e-01
1.862482726573944092e-01
1.815655678510665894e-01
1.747903078794479370e-01
1.661187857389450073e-01
1.558426171541213989e-01
1.443271338939666748e-01
1.319850385189056396e-01
1.192467957735061646e-01
1.065307036042213440e-01
9.421472996473312378e-02
8.261199295520782471e-02
7.195191085338592529e-02
6.236819550395011902e-02
5.389459058642387390e-02
4.646836593747138977e-02
3.994123265147209167e-02
3.409656509757041931e-02
2.867150306701660156e-02
2.338201366364955902e-02
1.794884540140628815e-02
1.212246902287006378e-02
5.704890005290508270e-03
-1.433189259842038155e-03
-9.340989403426647186e-03
-1.798299513757228851e-02
-2.724102698266506195e-02
-3.692287951707839966e-02
-4.677664488554000854e-02
-5.650967359542846680e-02
-6.581024825572967529e-02
-7.437073439359664917e-02
-8.190984278917312622e-02
-8.819256722927093506e-02
-9.304608404636383057e-02
-9.637029469013214111e-02
-9.814262390136718750e-02
-9.841659665107727051e-02
-9.731455892324447632e-02
-9.501595050096511841e-02
-9.174159914255142212e-02
-8.773662894964218140e-02
-8.325262367725372314e-02
-7.853125780820846558e-02
-7.379017025232315063e-02
-6.921198219060897827e-02
-6.493697315454483032e-02
-6.105903536081314087e-02
-5.762507766485214233e-02
-5.463696271181106567e-02
-5.205563455820083618e-02
-4.980702325701713562e-02
-4.778926447033882141e-02
-4.588098078966140747e-02
-4.395049065351486206e-02
-4.186576604843139648e-02
-3.950472921133041382e-02
-3.676546737551689148e-02
-3.357573971152305603e-02
-2.990090847015380859e-02
-2.574935555458068848e-02
-2.117475867271423340e-02
-1.627435162663459778e-02
-1.118306349962949753e-02
-6.063695065677165985e-03
-1.093742204830050468e-03
3.550036344677209854e-03
7.707762531936168671e-03
1.125166099518537521e-02
1.409870851784944534e-02
1.621909998357295990e-02
1.763954758644104004e-02
1.844087615609169006e-02
1.874976232647895813e-02
1.872571557760238647e-02
1.854435354471206665e-02
1.837891526520252228e-02
1.838198490440845490e-02
1.866959407925605774e-02
1.930941082537174225e-02
2.031445875763893127e-02
2.164306864142417908e-02
2.320501208305358887e-02
2.487304620444774628e-02
2.649842761456966400e-02
2.792861498892307281e-02
2.902483381330966949e-02
2.967768907546997070e-02
2.981894090771675110e-02
2.942829206585884094e-02
2.853456698358058929e-02
2.721158787608146667e-02
2.556938491761684418e-02
2.374206669628620148e-02
2.187400497496128082e-02
2.010597661137580872e-02
1.856275647878646851e-02
1.734348013997077942e-02
1.651542633771896362e-02
1.611174829304218292e-02
1.613277196884155273e-02
1.655044779181480408e-02
1.731507107615470886e-02
1.836324855685234070e-02
1.962603628635406494e-02
2.103637717664241791e-02
2.253497764468193054e-02
2.407419867813587189e-02
2.561962604522705078e-02
2.714958228170871735e-02
2.865265682339668274e-02
3.012397326529026031e-02
3.156080842018127441e-02
3.295816108584403992e-02
3.430502489209175110e-02
3.558184951543807983e-02
3.675945475697517395e-02
3.779958561062812805e-02
3.865694999694824219e-02
3.928247839212417603e-02
3.962721675634384155e-02
3.964672237634658813e-02
3.930506110191345215e-02
3.857836872339248657e-02
3.745750710368156433e-02
3.594965487718582153e-02
3.407889604568481445e-02
3.188558295369148254e-02
2.942478656768798828e-02
2.676356397569179535e-02
2.397734858095645905e-02
2.114536240696907043e-02
1.834532991051673889e-02
1.564759574830532074e-02
1.310918480157852173e-02
1.076826639473438263e-02
8.639676496386528015e-03
6.712274160236120224e-03
4.948581568896770477e-03
3.287246916443109512e-03
1.648436533287167549e-03
-5.818307545268908143e-05
-1.923583447933197021e-03
-4.028478171676397324e-03
-6.432821042835712433e-03
-9.166928939521312714e-03
-1.222543139010667801e-02
-1.556506939232349396e-02
-1.910663768649101257e-02
-2.274121716618537903e-02
-2.633997797966003418e-02
-2.976660057902336121e-02
-3.289087861776351929e-02
-3.560199588537216187e-02
-3.781984373927116394e-02
-3.950317576527595520e-02
-4.065356403589248657e-02
-4.131473973393440247e-02
-4.156733676791191101e-02
-4.151978343725204468e-02
-4.129605367779731750e-02
-4.102209955453872681e-02
-4.081205651164054871e-02
-4.075603559613227844e-02
-4.091054946184158325e-02
-4.129274934530258179e-02
-4.187884926795959473e-02
-4.260679334402084351e-02
-4.338283091783523560e-02
-4.409096762537956238e-02
-4.460438340902328491e-02
-4.479733854532241821e-02
-4.455652832984924316e-02
-4.379072785377502441e-02
-4.243791848421096802e-02
-4.046958684921264648e-02
-3.789189457893371582e-02
-3.474415466189384460e-02
-3.109501861035823822e-02
-2.703687548637390137e-02
-2.267917990684509277e-02
-1.814135350286960602e-02
-1.354552619159221649e-02
-9.009745903313159943e-03
-4.641628358513116837e-03
-5.328088882379233837e-04
3.245726227760314941e-03
6.647333502769470215e-03
9.652068838477134705e-03
1.226762961596250534e-02
1.452853251248598099e-02
1.649346388876438141e-02
1.824062876403331757e-02
1.986134797334671021e-02
2.145225927233695984e-02
2.310660481452941895e-02
2.490540221333503723e-02
2.690942957997322083e-02
2.915259078145027161e-02
3.163771703839302063e-02
3.433502465486526489e-02
3.718362376093864441e-02
4.009590670466423035e-02
4.296449944376945496e-02
4.567108675837516785e-02
4.809629917144775391e-02
5.012959986925125122e-02
5.167846754193305969e-02
5.267572402954101562e-02
5.308439210057258606e-02
5.289971083402633667e-02
5.214796587824821472e-02
5.088226124644279480e-02
4.917578026652336121e-02
4.711314290761947632e-02
4.478080198168754578e-02
4.225769639015197754e-02
3.960702940821647644e-02
3.687037900090217590e-02
3.406469151377677917e-02
3.118274174630641937e-02
2.819678746163845062e-02
2.506530284881591797e-02
2.174170874059200287e-02
1.818419247865676880e-02
1.436534058302640915e-02
1.028042752295732498e-02
5.953242070972919464e-03
1.438848674297332764e-03
-3.177216742187738419e-03
-7.783234119415283203e-03
-1.224872656166553497e-02
-1.643421873450279236e-02
-2.020257338881492615e-02
-2.343052998185157776e-02
-2.601972781121730804e-02
-2.790582180023193359e-02
-2.906514704227447510e-02
-2.951805293560028076e-02
-2.932869829237461090e-02
-2.860114537179470062e-02
-2.747204899787902832e-02
-2.610044181346893311e-02
-2.465544268488883972e-02
-2.330283820629119873e-02
-2.219170145690441132e-02
-2.144227921962738037e-02
-2.113601192831993103e-02
-2.130895294249057770e-02
-2.194886282086372375e-02
-2.299657091498374939e-02
-2.435138449072837830e-02
-2.588012814521789551e-02
-2.742898091673851013e-02
-2.883717045187950134e-02
-2.995109558105468750e-02
-3.063778579235076904e-02
-3.079649806022644043e-02
-3.036718443036079407e-02
-2.933562360703945160e-02
-2.773425541818141937e-02
-2.563900314271450043e-02
-2.316242828965187073e-02
-2.044355683028697968e-02
-1.763556525111198425e-02
-1.489218790084123611e-02
-1.235405821353197098e-02
-1.013618148863315582e-02
-8.317654952406883240e-03
-6.934520788490772247e-03
-5.976580083370208740e-03
-5.388364195823669434e-03
-5.074505694210529327e-03
-4.908965434879064560e-03
-4.747373051941394806e-03
-4.441493656486272812e-03
-3.854277776554226875e-03
-2.874189522117376328e-03
-1.427221344783902168e-03
5.145266768522560596e-04
2.928785979747772217e-03
5.743886344134807587e-03
8.844475261867046356e-03
1.208150200545787811e-02
1.528559625148773193e-02
1.828236877918243408e-02
2.090815082192420959e-02
2.302460931241512299e-02
2.453075535595417023e-02
2.537127956748008728e-02
2.554046548902988434e-02
2.508134767413139343e-02
2.408051863312721252e-02
2.265901863574981689e-02
2.096042223274707794e-02
1.913732662796974182e-02
1.733757182955741882e-02
1.569136418402194977e-02
1.430063880980014801e-02
1.323130261152982712e-02
1.250907965004444122e-02
1.211898587644100189e-02
1.200847607105970383e-02
1.209359802305698395e-02
1.226763147860765457e-02
1.241128705441951752e-02
1.240352820605039597e-02
1.213226281106472015e-02
1.150391437113285065e-02
1.045134663581848145e-02
8.939621970057487488e-03
6.969171576201915741e-03
4.576317965984344482e-03
1.831060624681413174e-03
-1.167668378911912441e-03
-4.299001302570104599e-03
-7.428915705531835556e-03
-1.042027957737445831e-02
-1.314336992800235748e-02
-1.548601407557725906e-02
-1.736267283558845520e-02
-1.872134208679199219e-02
-1.954787224531173706e-02
-1.986691728234291077e-02
-1.973943039774894714e-02
-1.925687864422798157e-02
-1.853242330253124237e-02
-1.769016869366168976e-02
-1.685329154133796692e-02
-1.613231375813484192e-02
-1.561475358903408051e-02
-1.535707153379917145e-02
-1.537973154336214066e-02
-1.566586270928382874e-02
-1.616354472935199738e-02
-1.679133437573909760e-02
-1.744661852717399597e-02
-1.801583729684352875e-02
-1.838560216128826141e-02
-1.845384947955608368e-02
-1.813997142016887665e-02
-1.739310845732688904e-02
-1.619805023074150085e-02
-1.457806676626205444e-02
-1.259457785636186600e-02
-1.034355442970991135e-02
-7.948772981762886047e-03
-5.552480928599834442e-03
-3.304040525108575821e-03
-1.347473240457475185e-03
1.911982835736125708e-04
1.215541386045515537e-03
1.668313168920576572e-03
1.538033830001950264e-03
8.618056890554726124e-04
-2.760350762400776148e-04
-1.749506569467484951e-03
-3.400395857170224190e-03
-5.050806794315576553e-03
-6.517785601317882538e-03
-7.628650870174169540e-03
-8.235789835453033447e-03
-8.229456841945648193e-03
-7.547435350716114044e-03
-6.180861499160528183e-03
-4.175335168838500977e-03
-1.627680612727999687e-03
1.321731484495103359e-03
4.500146023929119110e-03
7.716217543929815292e-03
1.077520102262496948e-02
1.349425874650478363e-02
1.571669429540634155e-02
1.732383295893669128e-02
1.824377104640007019e-02
1.845631189644336700e-02
1.799373701214790344e-02
1.693740300834178925e-02
1.541061513125896454e-02
1.356819551438093185e-02
1.158385723829269409e-02
9.636093862354755402e-03
7.893961854279041290e-03
6.503812968730926514e-03
5.577837117016315460e-03
5.185602698475122452e-03
5.349069833755493164e-03
6.041499786078929901e-03
7.190352771431207657e-03
8.684040978550910950e-03
1.038178801536560059e-02
1.212607324123382568e-02
1.375629566609859467e-02
1.512291282415390015e-02
1.610051468014717102e-02
1.659899391233921051e-02
1.657162606716156006e-02
1.601946167647838593e-02
1.499149762094020844e-02
1.358059979975223541e-02
1.191536802798509598e-02
1.014868170022964478e-02
8.443763479590415955e-03
6.959021091461181641e-03
5.833039991557598114e-03
5.170988850295543671e-03
5.033868364989757538e-03
5.431574769318103790e-03
6.320588290691375732e-03
7.606586907058954239e-03
9.151977486908435822e-03
1.078764908015727997e-02
1.232802309095859528e-02
1.358806900680065155e-02
1.440066657960414886e-02
1.463264506310224533e-02
1.419798005372285843e-02
1.306670717895030975e-02
1.126870978623628616e-02
8.891703560948371887e-03
6.073745898902416229e-03
2.990745007991790771e-03
-1.597598165972158313e-04
-3.177075181156396866e-03
-5.876119248569011688e-03
-8.104707114398479462e-03
-9.757578372955322266e-03
-1.078573614358901978e-02
-1.120017748326063156e-02
-1.106971967965364456e-02
-1.051314175128936768e-02
-9.686621837317943573e-03
-8.767768740653991699e-03
-7.937875576317310333e-03
-7.364409975707530975e-03
-7.185192313045263290e-03
-7.495989091694355011e-03
-8.342511951923370361e-03
-9.717239066958427429e-03
-1.156136207282543182e-02
-1.377116609364748001e-02
-1.620815321803092957e-02
-1.871168427169322968e-02
-2.111284807324409485e-02
-2.324842475354671478e-02
-2.497363649308681488e-02
-2.617285214364528656e-02
-2.676747366786003113e-02
-2.672075293958187103e-02
-2.603917196393013000e-02
-2.477065287530422211e-02
-2.299987524747848511e-02
-2.084102109074592590e-02
-1.842860504984855652e-02
-1.590709015727043152e-02
-1.341991871595382690e-02
-1.109872572124004364e-02
-9.053587913513183594e-03
-7.364879362285137177e-03
-6.077536847442388535e-03
-5.198033060878515244e-03
-4.694521427154541016e-03
-4.500173032283782959e-03
-4.519446287304162979e-03
-4.636941943317651749e-03
-4.728051833808422089e-03
-4.670621361583471298e-03
-4.356393124908208847e-03
-3.701427485793828964e-03
-2.654272364452481270e-03
-1.201230334118008614e-03
6.320253014564514160e-04
2.782535506412386894e-03
5.155764520168304443e-03
7.634475827217102051e-03
1.008975692093372345e-02
1.239311508834362030e-02
1.442843675613403320e-02
1.610242761671543121e-02
1.735251583158969879e-02
1.815139129757881165e-02
1.850778236985206604e-02
1.846342347562313080e-02
1.808693632483482361e-02
1.746518351137638092e-02
1.669346913695335388e-02
1.586559414863586426e-02
1.506504975259304047e-02
1.435809768736362457e-02
1.378940790891647339e-02
1.338054053485393524e-02
1.313087064772844315e-02
1.302080787718296051e-02
1.301636267453432083e-02
1.307458896189928055e-02
1.314905099570751190e-02
1.319480221718549728e-02
1.317248214036226273e-02
1.305131055414676666e-02
1.281088590621948242e-02
1.244190894067287445e-02
1.194584928452968597e-02
1.133379619568586349e-02
1.062454469501972198e-02
9.842144325375556946e-03
9.012942202389240265e-03
8.162410929799079895e-03
7.311867084354162216e-03
6.475345697253942490e-03
5.657084286212921143e-03
4.849696066230535507e-03
4.033604171127080917e-03
3.177848411723971367e-03
2.242404269054532051e-03
1.182101666927337646e-03
-4.819184687221422791e-05
-1.487462199293076992e-03
-3.162139561027288437e-03
-5.080106668174266815e-03
-7.226012647151947021e-03
-9.558488614857196808e-03
-1.201008539646863937e-02
-1.449014060199260712e-02
-1.689070835709571838e-02
-1.909516006708145142e-02
-2.098868601024150848e-02
-2.246982604265213013e-02
-2.346146479249000549e-02
-2.392020821571350098e-02
-2.384277805685997009e-02
-2.326854132115840912e-02
-2.227756753563880920e-02
-2.098423615097999573e-02
-1.952695474028587341e-02
-1.805488951504230499e-02
-1.671331189572811127e-02
-1.562885940074920654e-02
-1.489674113690853119e-02
-1.457101572304964066e-02
-1.465915702283382416e-02
-1.512147020548582077e-02
-1.587537676095962524e-02
-1.680403761565685272e-02
-1.776826009154319763e-02
-1.862040162086486816e-02
-1.921873725950717926e-02
-1.944077387452125549e-02
-1.919429935514926910e-02
-1.842516846954822540e-02
-1.712122000753879547e-02
-1.531226933002471924e-02
-1.306636817753314972e-02
-1.048297155648469925e-02
-7.683746516704559326e-03
-4.802084062248468399e-03
-1.972083700820803642e-03
6.819159025326371193e-04
3.054525004699826241e-03
5.066688172519207001e-03
6.670564413070678711e-03
7.851943373680114746e-03
8.629888296127319336e-03
9.053853340446949005e-03
9.198496118187904358e-03
9.156672284007072449e-03
9.031264111399650574e-03
8.926208131015300751e-03
8.937863633036613464e-03
9.146991185843944550e-03
9.612105786800384521e-03
1.036478579044342041e-02
1.140704471617937088e-02
1.271112263202667236e-02
1.422161888331174850e-02
1.585973612964153290e-02
1.752940192818641663e-02
1.912477426230907440e-02
2.053849957883358002e-02
2.167028188705444336e-02
2.243492379784584045e-02
2.276932075619697571e-02
2.263777516782283783e-02
2.203513495624065399e-02
2.098741196095943451e-02
1.954977586865425110e-02
1.780191436409950256e-02
1.584110036492347717e-02
1.377370767295360565e-02
1.170551963150501251e-02
9.732211008667945862e-03
7.930588908493518829e-03
6.351736374199390411e-03
5.016587674617767334e-03
3.914654254913330078e-03
3.005942795425653458e-03
2.225968288257718086e-03
1.493348157964646816e-03
7.192388293333351612e-04
-1.823559432523325086e-04
-1.284535275772213936e-03
-2.638594713062047958e-03
-4.267379641532897949e-03
-6.161347031593322754e-03
-8.277967572212219238e-03
-1.054443232715129852e-02
-1.286347955465316772e-02
-1.512179989367723465e-02
-1.720034703612327576e-02
-1.898548007011413574e-02
-2.038005739450454712e-02
-2.131328918039798737e-02
-2.174848504364490509e-02
-2.168780565261840820e-02
-2.117360755801200867e-02
-2.028598636388778687e-02
-1.913671940565109253e-02
-1.786006614565849304e-02
-1.660111360251903534e-02
-1.550275832414627075e-02
-1.469240523874759674e-02
-1.426967047154903412e-02
-1.429614704102277756e-02
-1.478827279061079025e-02
-1.571404375135898590e-02
-1.699385605752468109e-02
-1.850564777851104736e-02
-2.009396627545356750e-02
-2.158221788704395294e-02
-2.278726734220981598e-02
-2.353504858911037445e-02
-2.367587387561798096e-02
-2.309815958142280579e-02
-2.173911966383457184e-02
-1.959155499935150146e-02
-1.670585945248603821e-02
-1.318706106394529343e-02
-9.186975657939910889e-03
-4.892221186310052872e-03
-5.090489867143332958e-04
3.753483295440673828e-03
7.700569927692413330e-03
1.116717327386140823e-02
1.403078157454729080e-02
1.622011139988899231e-02
1.771903410553932190e-02
1.856564730405807495e-02
1.884650625288486481e-02
1.868687197566032410e-02
1.823778823018074036e-02
1.766147837042808533e-02
1.711628213524818420e-02
1.674248464405536652e-02
1.665036194026470184e-02
1.691133901476860046e-02
1.755310781300067902e-02
1.855887100100517273e-02
1.987077668309211731e-02
2.139716409146785736e-02
2.302274480462074280e-02
2.462076954543590546e-02
2.606598101556301117e-02
2.724692784249782562e-02
2.807659469544887543e-02
2.850023843348026276e-02
2.849954925477504730e-02
2.809305116534233093e-02
2.733247913420200348e-02
2.629579231142997742e-02
2.507754601538181305e-02
2.377768605947494507e-02
2.249001711606979370e-02
2.129155211150646210e-02
2.023387886583805084e-02
1.933741196990013123e-02
1.858904585242271423e-02
1.794354990124702454e-02
1.732835546135902405e-02
1.665134355425834656e-02
1.581080444157123566e-02
1.470652036368846893e-02
1.325108669698238373e-02
1.138000655919313431e-02
9.060099720954895020e-03
6.294895894825458527e-03
3.126823808997869492e-03
-3.642633673734962940e-04
-4.066102206707000732e-03
-7.842299528419971466e-03
-1.154307555407285690e-02
-1.501769386231899261e-02
-1.812735013663768768e-02
-2.075739949941635132e-02
-2.282766439020633698e-02
-2.429985813796520233e-02
-2.518122270703315735e-02
-2.552399411797523499e-02
-2.542064152657985687e-02
-2.499521896243095398e-02
-2.439178340137004852e-02
-2.376072295010089874e-02
-2.324461564421653748e-02
-2.296479418873786926e-02
-2.301002852618694305e-02
-2.342839911580085754e-02
-2.422303147614002228e-02
-2.535216137766838074e-02
-2.673330344259738922e-02
-2.825111709535121918e-02
-2.976822853088378906e-02
-3.113770484924316406e-02
-3.221622854471206665e-02
-3.287667781114578247e-02
-3.301894664764404297e-02
-3.257821127772331238e-02
-3.152989596128463745e-02
-2.989106252789497375e-02
-2.771816216409206390e-02
-2.510154806077480316e-02
-2.215716615319252014e-02
-1.901639252901077271e-02
-1.581477746367454529e-02
-1.268090028315782547e-02
-9.726057760417461395e-03
-7.035831920802593231e-03
-4.664167761802673340e-03
-2.630308270454406738e-03
-9.189784759655594826e-04
5.164965987205505371e-04
1.748231006786227226e-03
2.865680959075689316e-03
3.966019954532384872e-03
5.143871996551752090e-03
6.481157150119543076e-03
8.038033731281757355e-03
9.845572523772716522e-03
1.190088503062725067e-02
1.416516862809658051e-02
1.656485721468925476e-02
1.899595186114311218e-02
2.133128419518470764e-02
2.343017980456352234e-02
2.514981105923652649e-02
2.635745331645011902e-02
2.694245055317878723e-02
2.682696841657161713e-02
2.597453631460666656e-02
2.439539134502410889e-02
2.214825712144374847e-02
1.933789625763893127e-02
1.610876061022281647e-02
1.263495814055204391e-02
9.107375517487525940e-03
5.718879401683807373e-03
2.649046480655670166e-03
4.955083204549737275e-05
-1.968240831047296524e-03
-3.342463169246912003e-03
-4.065691027790307999e-03
-4.185271449387073517e-03
-3.798690391704440117e-03
-3.044720040634274483e-03
-2.090804278850555420e-03
-1.118035637773573399e-03
-3.050520899705588818e-04
1.877203612821176648e-04
2.319604100193828344e-04
-2.576514962129294872e-04
-1.316449022851884365e-03
-2.927276538684964180e-03
-5.022464785724878311e-03
-7.490025367587804794e-03
-1.018328685313463211e-02
-1.293313689529895782e-02
-1.556161604821681976e-02
-1.789582706987857819e-02
-1.978091895580291748e-02
-2.109133638441562653e-02
-2.173946984112262726e-02
-2.168120071291923523e-02
-2.091814391314983368e-02
-1.949647627770900726e-02
-1.750249788165092468e-02
-1.505537610501050949e-02
-1.229750830680131912e-02
-9.383219294250011444e-03
-6.466521415859460831e-03
-3.688877914100885391e-03
-1.167903887107968330e-03
1.012079417705535889e-03
2.806787146255373955e-03
4.215203225612640381e-03
5.278890021145343781e-03
6.077192723751068115e-03
6.718614604324102402e-03
7.328952662646770477e-03
8.037199266254901886e-03
8.960601873695850372e-03
1.019026152789592743e-02
1.177897118031978607e-02
1.373247615993022919e-02
1.600538566708564758e-02
1.850231736898422241e-02
2.108422294259071350e-02
2.357963100075721741e-02
2.579956687986850739e-02
2.755478024482727051e-02
2.867361903190612793e-02
2.901861630380153656e-02
2.850021794438362122e-02
2.708632312715053558e-02
2.480664290487766266e-02
2.175153978168964386e-02
1.806553080677986145e-02
1.393622159957885742e-02
9.579625912010669708e-03
5.223473999649286270e-03
1.089777098968625069e-03
-2.621695399284362793e-03
-5.747805349528789520e-03
-8.173255249857902527e-03
-9.837828576564788818e-03
-1.073937676846981049e-02
-1.093242317438125610e-02
-1.052262168377637863e-02
-9.657688438892364502e-03
-8.515411987900733948e-03
-7.289642002433538437e-03
-6.175352726131677628e-03
-5.353639833629131317e-03
-4.977877251803874969e-03
-5.161928944289684296e-03
-5.971221718937158585e-03
-7.417517714202404022e-03
-9.457720443606376648e-03
-1.199679356068372726e-02
-1.489485334604978561e-02
-1.797775551676750183e-02
-2.105049788951873779e-02
-2.391245029866695404e-02
-2.637315914034843445e-02
-2.826744876801967621e-02
-2.946856059134006500e-02
-2.989807166159152985e-02
-2.953172847628593445e-02
-2.840065397322177887e-02
-2.658739686012268066e-02
-2.421759441494941711e-02
-2.144751884043216705e-02
-1.844896376132965088e-02
-1.539284735918045044e-02
-1.243320386856794357e-02
-9.693277068436145782e-03
-7.255168166011571884e-03
-5.154167301952838898e-03
-3.378358436748385429e-03
-1.873464905656874180e-03
-5.523711442947387695e-04
6.919130682945251465e-04
1.971346093341708183e-03
3.387835575267672539e-03
5.019974894821643829e-03
6.912847049534320831e-03
9.072271175682544708e-03
1.146390475332736969e-02
1.401712000370025635e-02
1.663308031857013702e-02
1.919583417475223541e-02
2.158492617309093475e-02
2.368804067373275757e-02
2.541209198534488678e-02
2.669162675738334656e-02
2.749379351735115051e-02
2.781940065324306488e-02
2.770053967833518982e-02
2.719499543309211731e-02
2.637870609760284424e-02
2.533703483641147614e-02
2.415605261921882629e-02
2.291475422680377960e-02
2.167884819209575653e-02
2.049663476645946503e-02
1.939705573022365570e-02
1.838985085487365723e-02
1.746749691665172577e-02
1.660842075943946838e-02
1.578110828995704651e-02
1.494837272912263870e-02
1.407171506434679031e-02
1.311500184237957001e-02
1.204768009483814240e-02
1.084701530635356903e-02
9.499622508883476257e-03
8.002171292901039124e-03
6.361375562846660614e-03
4.593321587890386581e-03
2.722319914028048515e-03
7.792249089106917381e-04
-1.200590981170535088e-03
-3.179466817528009415e-03
-5.119815468788146973e-03
-6.986486725509166718e-03
-8.748872205615043640e-03
-1.038258709013462067e-02
-1.187068223953247070e-02
-1.320419274270534515e-02
-1.438198704272508621e-02
-1.540997158735990524e-02
-1.629975438117980957e-02
-1.706685498356819153e-02
-1.772865653038024902e-02
-1.830236054956912994e-02
-1.880293525755405426e-02
-1.924144290387630463e-02
-1.962363719940185547e-02
-1.994911208748817444e-02
-2.021097578108310699e-02
-2.039610594511032104e-02
-2.048602886497974396e-02
-2.045840583741664886e-02
-2.028902992606163025e-02
-1.995422691106796265e-02
-1.943352073431015015e-02
-1.871227473020553589e-02
-1.778404787182807922e-02
-1.665238291025161743e-02
-1.533172838389873505e-02
-1.384737063199281693e-02
-1.223409362137317657e-02
-1.053381152451038361e-02
-8.792134933173656464e-03
-7.054342422634363174e-03
-5.361019168049097061e-03
-3.744007553905248642e-03
-2.223022282123565674e-03
-8.034870261326432228e-04
5.241557955741882324e-04
1.783445477485656738e-03
3.009332809597253799e-03
4.244148731231689453e-03
5.532616283744573593e-03
6.916441023349761963e-03
8.429011330008506775e-03
1.009072922170162201e-02
1.190563291311264038e-02
1.385943870991468430e-02
1.591928675770759583e-02
1.803515106439590454e-02
2.014270797371864319e-02
2.216733619570732117e-02
2.402907237410545349e-02
2.564780786633491516e-02
2.694871462881565094e-02
2.786719240248203278e-02
2.835339866578578949e-02
2.837583422660827637e-02
2.792395278811454773e-02
2.700951695442199707e-02
2.566655911505222321e-02
2.394988946616649628e-02
