-2.000000029802322388e-01
-2.001869380474090576e-01
-2.007412463426589966e-01
-2.016431838274002075e-01
-2.028605937957763672e-01
-2.043491601943969727e-01
-2.060534954071044922e-01
-2.079080045223236084e-01
-2.098385095596313477e-01
-2.117633819580078125e-01
-2.135954350233078003e-01
-2.152435332536697388e-01
-2.166144549846649170e-01
-2.176149338483810425e-01
-2.181533873081207275e-01
-2.181420624256134033e-01
-2.174987047910690308e-01
-2.161485850811004639e-01
-2.140258252620697021e-01
-2.110751569271087646e-01
-2.072531282901763916e-01
-2.025291472673416138e-01
-1.968862116336822510e-01
-1.903215497732162476e-01
-1.828469038009643555e-01
-1.744883358478546143e-01
-1.652858257293701172e-01
-1.552927941083908081e-01
-1.445750892162322998e-01
-1.332096159458160400e-01
-1.212830767035484314e-01
-1.088902950286865234e-01
-9.613221883773803711e-02
-8.311412483453750610e-02
-6.994347274303436279e-02
-5.672789365053176880e-02
-4.357306286692619324e-02
-3.058072924613952637e-02
-1.784682087600231171e-02
-5.459678359329700470e-03
6.501442287117242813e-03
1.796771213412284851e-02
2.888173982501029968e-02
3.919836133718490601e-02
4.888510704040527344e-02
5.792229250073432922e-02
6.630299985408782959e-02
7.403243333101272583e-02
8.112740516662597656e-02
8.761521428823471069e-02
9.353251755237579346e-02
9.892388433218002319e-02
1.038403064012527466e-01
1.083375439047813416e-01
1.124743446707725525e-01
1.163108795881271362e-01
1.199069395661354065e-01
1.233202666044235229e-01
1.266051977872848511e-01
1.298111677169799805e-01
1.329815834760665894e-01
1.361528187990188599e-01
1.393533945083618164e-01
1.426035463809967041e-01
1.459147483110427856e-01
1.492898017168045044e-01
1.527228355407714844e-01
1.561997830867767334e-01
1.596988737583160400e-01
1.631913632154464722e-01
1.666425168514251709e-01
1.700124740600585938e-01
1.732574701309204102e-01
1.763309985399246216e-01
1.791848689317703247e-01
1.817707419395446777e-01
1.840410232543945312e-01
1.859500855207443237e-01
1.874555498361587524e-01
1.885189712047576904e-01
1.891069710254669189e-01
1.891918182373046875e-01
1.887521594762802124e-01
1.877734512090682983e-01
1.862482726573944092e-01
1.841765940189361572e-01
1.815655678510665894e-01
1.784296929836273193e-01
1.747903078794479370e-01
1.706753671169281006e-01
1.661187857389450073e-01
1.611599028110504150e-01
1.558426171541213989e-01
1.502147763967514038e-01
1.443271338939666748e-01
1.382325887680053711e-01
1.319850385189056396e-01
1.256386786699295044e-01
1.192467957735061646e-01
1.128610968589782715e-01
1.065307036042213440e-01
1.003013625741004944e-01
9.421472996473312378e-02
8.830773830413818359e-02
8.261199295520782471e-02
7.715342938899993896e-02
7.195191085338592529e-02
6.702105700969696045e-02
6.236819550395011902e-02
5.799438431859016418e-02
5.389459058642387390e-02
5.005798861384391785e-02
4.646836593747138977e-02
4.310458898544311523e-02
3.994123265147209167e-02
3.694921731948852539e-02
3.409656509757041931e-02
3.134914487600326538e-02
2.867150306701660156e-02
2.602768503129482269e-02
2.338201366364955902e-02
2.069995179772377014e-02
1.794884540140628815e-02
1.509861368685960770e-02
1.212246902287006378e-02
8.997431024909019470e-03
5.704890005290508270e-03
2.230951096862554550e-03
-1.433189259842038155e-03
-5.291102919727563858e-03
-9.340989403426647186e-03
-1.357574202120304108e-02
-1.798299513757228851e-02
-2.254542894661426544e-02
-2.724102698266506195e-02
-3.204350918531417847e-02
-3.692287951707839966e-02
-4.184584692120552063e-02
-4.677664488554000854e-02
-5.167756229639053345e-02
-5.650967359542846680e-02
-6.123359873890876770e-02
-6.581024825572967529e-02
-7.020144909620285034e-02
-7.437073439359664917e-02
-7.828394323587417603e-02
-8.190984278917312622e-02
-8.522066473960876465e-02
-8.819256722927093506e-02
-9.080603718757629395e-02
-9.304608404636383057e-02
-9.490258246660232544e-02
-9.637029469013214111e-02
-9.744881838560104370e-02
-9.814262390136718750e-02
-9.846074879169464111e-02
-9.841659665107727051e-02
-9.802752733230590820e-02
-9.731455892324447632e-02
-9.630180895328521729e-02
-9.501595050096511841e-02
-9.348577260971069336e-02
-9.174159914255142212e-02
-8.981467038393020630e-02
-8.773662894964218140e-02
-8.553899824619293213e-02
-8.325262367725372314e-02
-8.090730756521224976e-02
-7.853125780820846558e-02
-7.615084201097488403e-02
-7.379017025232315063e-02
-7.147089391946792603e-02
-6.921198219060897827e-02
-6.702961027622222900e-02
-6.493697315454483032e-02
-6.294434517621994019e-02
-6.105903536081314087e-02
-5.928543210029602051e-02
-5.762507766485214233e-02
-5.607682466506958008e-02
-5.463696271181106567e-02
-5.329932644963264465e-02
-5.205563455820083618e-02
-5.089554190635681152e-02
-4.980702325701713562e-02
-4.877651855349540710e-02
-4.778926447033882141e-02
-4.682954028248786926e-02
-4.588098078966140747e-02
-4.492687061429023743e-02
-4.395049065351486206e-02
-4.293539375066757202e-02
-4.186576604843139648e-02
-4.072675108909606934e-02
-3.950472921133041382e-02
-3.818769007921218872e-02
-3.676546737551689148e-02
-3.523004055023193359e-02
-3.357573971152305603e-02
-3.179948776960372925e-02
-2.990090847015380859e-02
-2.788242325186729431e-02
-2.574935555458068848e-02
-2.350983396172523499e-02
-2.117475867271423340e-02
-1.875763759016990662e-02
-1.627435162663459778e-02
-1.374290417879819870e-02
-1.118306349962949753e-02
-8.615965954959392548e-03
-6.063695065677165985e-03
-3.548787441104650497e-03
-1.093742204830050468e-03
1.279495656490325928e-03
3.550036344677209854e-03
5.698554217815399170e-03
7.707762531936168671e-03
9.562802501022815704e-03
1.125166099518537521e-02
1.276546902954578400e-02
1.409870851784944534e-02
1.524938642978668213e-02
1.621909998357295990e-02
1.701295189559459686e-02
1.763954758644104004e-02
1.811062917113304138e-02
1.844087615609169006e-02
1.864749379456043243e-02
1.874976232647895813e-02
1.876853033900260925e-02
1.872571557760238647e-02
1.864359341561794281e-02
1.854435354471206665e-02
1.844941638410091400e-02
1.837891526520252228e-02
1.835111342370510101e-02
1.838198490440845490e-02
1.848475448787212372e-02
1.866959407925605774e-02
1.894335448741912842e-02
1.930941082537174225e-02
1.976764947175979614e-02
2.031445875763893127e-02
2.094293385744094849e-02
2.164306864142417908e-02
2.240212820470333099e-02
2.320501208305358887e-02
2.403476089239120483e-02
2.487304620444774628e-02
2.570072375237941742e-02
2.649842761456966400e-02
2.724712155759334564e-02
2.792861498892307281e-02
2.852615155279636383e-02
2.902483381330966949e-02
2.941201999783515930e-02
2.967768907546997070e-02
2.981470152735710144e-02
2.981894090771675110e-02
2.968942746520042419e-02
2.942829206585884094e-02
2.904066443443298340e-02
2.853456698358058929e-02
2.792057394981384277e-02
2.721158787608146667e-02
2.642241679131984711e-02
2.556938491761684418e-02
2.466992102563381195e-02
2.374206669628620148e-02
2.280409075319766998e-02
2.187400497496128082e-02
2.096918225288391113e-02
2.010597661137580872e-02
1.929938234388828278e-02
1.856275647878646851e-02
1.790762692689895630e-02
1.734348013997077942e-02
1.687767170369625092e-02
1.651542633771896362e-02
1.625979132950305939e-02
1.611174829304218292e-02
1.607033610343933105e-02
1.613277196884155273e-02
1.629471965134143829e-02
1.655044779181480408e-02
1.689312607049942017e-02
1.731507107615470886e-02
1.780798472464084625e-02
1.836324855685234070e-02
1.897212676703929901e-02
1.962603628635406494e-02
2.031671255826950073e-02
2.103637717664241791e-02
2.177793532609939575e-02
2.253497764468193054e-02
2.330198325216770172e-02
2.407419867813587189e-02
2.484776638448238373e-02
2.561962604522705078e-02
2.638744749128818512e-02
2.714958228170871735e-02
2.790488675236701965e-02
2.865265682339668274e-02
2.939245104789733887e-02
3.012397326529026031e-02
3.084691241383552551e-02
3.156080842018127441e-02
3.226493671536445618e-02
3.295816108584403992e-02
3.363890200853347778e-02
3.430502489209175110e-02
3.495378419756889343e-02
3.558184951543807983e-02
3.618524596095085144e-02
3.675945475697517395e-02
3.729940205812454224e-02
3.779958561062812805e-02
3.825414180755615234e-02
3.865694999694824219e-02
3.900181129574775696e-02
3.928247839212417603e-02
3.949288278818130493e-02
3.962721675634384155e-02
3.968011587858200073e-02
3.964672237634658813e-02
3.952284902334213257e-02
3.930506110191345215e-02
3.899078443646430969e-02
3.857836872339248657e-02
3.806715086102485657e-02
3.745750710368156433e-02
3.675084561109542847e-02
3.594965487718582153e-02
3.505747765302658081e-02
3.407889604568481445e-02
3.301943093538284302e-02
3.188558295369148254e-02
3.068466857075691223e-02
2.942478656768798828e-02
2.811465784907341003e-02
2.676356397569179535e-02
2.538115344941616058e-02
2.397734858095645905e-02
2.256211265921592712e-02
2.114536240696907043e-02
1.973670721054077148e-02
1.834532991051673889e-02
1.697973348200321198e-02
1.564759574830532074e-02
1.435558777302503586e-02
1.310918480157852173e-02
1.191252283751964569e-02
1.076826639473438263e-02
9.677499532699584961e-03
8.639676496386528015e-03
7.652568630874156952e-03
6.712274160236120224e-03
5.813288502395153046e-03
4.948581568896770477e-03
4.109753761440515518e-03
3.287246916443109512e-03
2.470530569553375244e-03
1.648436533287167549e-03
8.094057557173073292e-04
-5.818307545268908143e-05
-9.656220790930092335e-04
-1.923583447933197021e-03
-2.941748593002557755e-03
-4.028478171676397324e-03
-5.190545227378606796e-03
-6.432821042835712433e-03
-7.758109364658594131e-03
-9.166928939521312714e-03
-1.065744925290346146e-02
-1.222543139010667801e-02
-1.386426854878664017e-02
-1.556506939232349396e-02
-1.731682196259498596e-02
-1.910663768649101257e-02
-2.092002891004085541e-02
-2.274121716618537903e-02
-2.455358579754829407e-02
-2.633997797966003418e-02
-2.808324992656707764e-02
-2.976660057902336121e-02
-3.137405961751937866e-02
-3.289087861776351929e-02
-3.430392593145370483e-02
-3.560199588537216187e-02
-3.677613660693168640e-02
-3.781984373927116394e-02
-3.872923925518989563e-02
-3.950317576527595520e-02
-4.014319926500320435e-02
-4.065356403589248657e-02
-4.104103520512580872e-02
-4.131473973393440247e-02
-4.148584604263305664e-02
-4.156733676791191101e-02
-4.157354310154914856e-02
-4.151978343725204468e-02
-4.142194986343383789e-02
-4.129605367779731750e-02
-4.115778952836990356e-02
-4.102209955453872681e-02
-4.090275615453720093e-02
-4.081205651164054871e-02
-4.076037928462028503e-02
-4.075603559613227844e-02
-4.080493375658988953e-02
-4.091054946184158325e-02
-4.107372835278511047e-02
-4.129274934530258179e-02
-4.156335070729255676e-02
-4.187884926795959473e-02
-4.223030805587768555e-02
-4.260679334402084351e-02
-4.299565404653549194e-02
-4.338283091783523560e-02
-4.375319555401802063e-02
-4.409096762537956238e-02
-4.438003897666931152e-02
-4.460438340902328491e-02
-4.474841430783271790e-02
-4.479733854532241821e-02
-4.473745822906494141e-02
-4.455652832984924316e-02
-4.424387216567993164e-02
-4.379072785377502441e-02
-4.319030046463012695e-02
-4.243791848421096802e-02
-4.153112322092056274e-02
-4.046958684921264648e-02
-3.925519064068794250e-02
-3.789189457893371582e-02
-3.638561815023422241e-02
-3.474415466189384460e-02
-3.297696635127067566e-02
-3.109501861035823822e-02
-2.911054529249668121e-02
-2.703687548637390137e-02
-2.488815411925315857e-02
-2.267917990684509277e-02
-2.042513713240623474e-02
-1.814135350286960602e-02
-1.584313809871673584e-02
-1.354552619159221649e-02
-1.126309018582105637e-02
-9.009745903313159943e-03
-6.798566784709692001e-03
-4.641628358513116837e-03
-2.549835946410894394e-03
-5.328088882379233837e-04
1.401267945766448975e-03
3.245726227760314941e-03
4.995539784431457520e-03
6.647333502769470215e-03
8.199478499591350555e-03
9.652068838477134705e-03
1.100694574415683746e-02
1.226762961596250534e-02
1.343926321715116501e-02
1.452853251248598099e-02
1.554349623620510101e-02
1.649346388876438141e-02
1.738877967000007629e-02
1.824062876403331757e-02
1.906077936291694641e-02
1.986134797334671021e-02
2.065452374517917633e-02
2.145225927233695984e-02
2.226605266332626343e-02
2.310660481452941895e-02
2.398358471691608429e-02
2.490540221333503723e-02
2.587895467877388000e-02
2.690942957997322083e-02
2.800018154084682465e-02
2.915259078145027161e-02
3.036600351333618164e-02
3.163771703839302063e-02
3.296295925974845886e-02
3.433502465486526489e-02
3.574533388018608093e-02
3.718362376093864441e-02
3.863815218210220337e-02
4.009590670466423035e-02
4.154291003942489624e-02
4.296449944376945496e-02
4.434559866786003113e-02
4.567108675837516785e-02
4.692608863115310669e-02
4.809629917144775391e-02
4.916824027895927429e-02
5.012959986925125122e-02
5.096945166587829590e-02
5.167846754193305969e-02
5.224911123514175415e-02
5.267572402954101562e-02
5.295468121767044067e-02
5.308439210057258606e-02
5.306527018547058105e-02
5.289971083402633667e-02
5.259196832776069641e-02
5.214796587824821472e-02
5.157516524195671082e-02
5.088226124644279480e-02
5.007899925112724304e-02
4.917578026652336121e-02
4.818351194262504578e-02
4.711314290761947632e-02
4.597546532750129700e-02
4.478080198168754578e-02
4.353869706392288208e-02
4.225769639015197754e-02
4.094515368342399597e-02
3.960702940821647644e-02
3.824780508875846863e-02
3.687037900090217590e-02
3.547607734799385071e-02
3.406469151377677917e-02
3.263456746935844421e-02
3.118274174630641937e-02
2.970513328909873962e-02
2.819678746163845062e-02
2.665215171873569489e-02
2.506530284881591797e-02
2.343036420643329620e-02
2.174170874059200287e-02
1.999434828758239746e-02
1.818419247865676880e-02
1.630834490060806274e-02
1.436534058302640915e-02
1.235537417232990265e-02
1.028042752295732498e-02
8.144411258399486542e-03
5.953242070972919464e-03
3.714774502441287041e-03
1.438848674297332764e-03
-8.629187941551208496e-04
-3.177216742187738419e-03
-5.489304661750793457e-03
-7.783234119415283203e-03
-1.004218030720949173e-02
-1.224872656166553497e-02
-1.438523549586534500e-02
-1.643421873450279236e-02
-1.837870292365550995e-02
-2.020257338881492615e-02
-2.189094573259353638e-02
-2.343052998185157776e-02
-2.480988577008247375e-02
-2.601972781121730804e-02
-2.705315127968788147e-02
-2.790582180023193359e-02
-2.857610583305358887e-02
-2.906514704227447510e-02
-2.937688864767551422e-02
-2.951805293560028076e-02
-2.949801646173000336e-02
-2.932869829237461090e-02
-2.902431413531303406e-02
-2.860114537179470062e-02
-2.807723358273506165e-02
-2.747204899787902832e-02
-2.680607512593269348e-02
-2.610044181346893311e-02
-2.537652291357517242e-02
-2.465544268488883972e-02
-2.395773120224475861e-02
-2.330283820629119873e-02
-2.270876988768577576e-02
-2.219170145690441132e-02
-2.176568284630775452e-02
-2.144227921962738037e-02
-2.123038098216056824e-02
-2.113601192831993103e-02
-2.116221189498901367e-02
-2.130895294249057770e-02
-2.157317660748958588e-02
-2.194886282086372375e-02
-2.242714539170265198e-02
-2.299657091498374939e-02
-2.364327944815158844e-02
-2.435138449072837830e-02
-2.510330080986022949e-02
-2.588012814521789551e-02
-2.666208706796169281e-02
-2.742898091673851013e-02
-2.816059254109859467e-02
-2.883717045187950134e-02
-2.943985536694526672e-02
-2.995109558105468750e-02
-3.035501576960086823e-02
-3.063778579235076904e-02
-3.078792430460453033e-02
-3.079649806022644043e-02
-3.065732680261135101e-02
-3.036718443036079407e-02
-2.992573380470275879e-02
-2.933562360703945160e-02
-2.860238030552864075e-02
-2.773425541818141937e-02
-2.674208953976631165e-02
-2.563900314271450043e-02
-2.444018051028251648e-02
-2.316242828965187073e-02
-2.182388491928577423e-02
-2.044355683028697968e-02
-1.904094405472278595e-02
-1.763556525111198425e-02
-1.624655164778232574e-02
-1.489218790084123611e-02
-1.358954794704914093e-02
-1.235405821353197098e-02
-1.119920145720243454e-02
-1.013618148863315582e-02
-9.173679165542125702e-03
-8.317654952406883240e-03
-7.571211550384759903e-03
-6.934520788490772247e-03
-6.404852960258722305e-03
-5.976580083370208740e-03
-5.641371011734008789e-03
-5.388364195823669434e-03
-5.204434506595134735e-03
-5.074505694210529327e-03
-4.981955979019403458e-03
-4.908965434879064560e-03
-4.837019834667444229e-03
-4.747373051941394806e-03
-4.621473141014575958e-03
-4.441493656486272812e-03
-4.190772771835327148e-03
-3.854277776554226875e-03
-3.418965730816125870e-03
-2.874189522117376328e-03
-2.211958169937133789e-03
-1.427221344783902168e-03
-5.179926520213484764e-04
5.145266768522560596e-04
1.665952848270535469e-03
2.928785979747772217e-03
4.292515106499195099e-03
5.743886344134807587e-03
7.267159409821033478e-03
8.844475261867046356e-03
1.045621745288372040e-02
1.208150200545787811e-02
1.369863562285900116e-02
1.528559625148773193e-02
1.682055369019508362e-02
1.828236877918243408e-02
1.965103484690189362e-02
2.090815082192420959e-02
2.203734777867794037e-02
2.302460931241512299e-02
2.385856769979000092e-02
2.453075535595417023e-02
2.503575757145881653e-02
2.537127956748008728e-02
2.553819678723812103e-02
2.554046548902988434e-02
2.538496255874633789e-02
2.508134767413139343e-02
2.464176341891288757e-02
2.408051863312721252e-02
2.341375127434730530e-02
2.265901863574981689e-02
2.183486334979534149e-02
2.096042223274707794e-02
2.005492709577083588e-02
1.913732662796974182e-02
1.822584867477416992e-02
1.733757182955741882e-02
1.648812927305698395e-02
1.569136418402194977e-02
1.495903450995683670e-02
1.430063880980014801e-02
1.372322253882884979e-02
1.323130261152982712e-02
1.282680500298738480e-02
1.250907965004444122e-02
1.227498054504394531e-02
1.211898587644100189e-02
1.203338801860809326e-02
1.200847607105970383e-02
1.203282736241817474e-02
1.209359802305698395e-02
1.217678654938936234e-02
1.226763147860765457e-02
1.235090475529432297e-02
1.241128705441951752e-02
1.243366580456495285e-02
1.240352820605039597e-02
1.230722386389970779e-02
1.213226281106472015e-02
1.186761725693941116e-02
1.150391437113285065e-02
1.103364676237106323e-02
1.045134663581848145e-02
9.753698483109474182e-03
8.939621970057487488e-03
8.010296151041984558e-03
6.969171576201915741e-03
5.821925587952136993e-03
4.576317965984344482e-03
3.242166247218847275e-03
1.831060624681413174e-03
3.562375786714255810e-04
-1.167668378911912441e-03
-2.724938094615936279e-03
-4.299001302570104599e-03
-5.872756242752075195e-03
-7.428915705531835556e-03
-8.950322866439819336e-03
-1.042027957737445831e-02
-1.182289421558380127e-02
-1.314336992800235748e-02
-1.436831336468458176e-02
-1.548601407557725906e-02
-1.648669317364692688e-02
-1.736267283558845520e-02
-1.810855045914649963e-02
-1.872134208679199219e-02
-1.920048333704471588e-02
-1.954787224531173706e-02
-1.976781710982322693e-02
-1.986691728234291077e-02
-1.985389739274978638e-02
-1.973943039774894714e-02
-1.953585445880889893e-02
-1.925687864422798157e-02
-1.891724579036235809e-02
-1.853242330253124237e-02
-1.811816543340682983e-02
-1.769016869366168976e-02
-1.726371981203556061e-02
-1.685329154133796692e-02
-1.647219434380531311e-02
-1.613231375813484192e-02
-1.584377512335777283e-02
-1.561475358903408051e-02
-1.545127294957637787e-02
-1.535707153379917145e-02
-1.533354818820953369e-02
-1.537973154336214066e-02
-1.549234241247177124e-02
-1.566586270928382874e-02
-1.589275337755680084e-02
-1.616354472935199738e-02
-1.646720245480537415e-02
-1.679133437573909760e-02
-1.712251268327236176e-02
-1.744661852717399597e-02
-1.774921268224716187e-02
-1.801583729684352875e-02
-1.823241636157035828e-02
-1.838560216128826141e-02
-1.846306584775447845e-02
-1.845384947955608368e-02
-1.834863610565662384e-02
-1.813997142016887665e-02
-1.782249473035335541e-02
-1.739310845732688904e-02
-1.685106940567493439e-02
-1.619805023074150085e-02
-1.543819624930620193e-02
-1.457806676626205444e-02
-1.362650841474533081e-02
-1.259457785636186600e-02
-1.149532757699489594e-02
-1.034355442970991135e-02
-9.155554696917533875e-03
-7.948772981762886047e-03
-6.741501390933990479e-03
-5.552480928599834442e-03
-4.400506615638732910e-03
-3.304040525108575821e-03
-2.280838787555694580e-03
-1.347473240457475185e-03
-5.190625670365989208e-04
1.911982835736125708e-04
7.722467416897416115e-04
1.215541386045515537e-03
1.515215612016618252e-03
1.668313168920576572e-03
1.674872590228915215e-03
1.538033830001950264e-03
1.263952231965959072e-03
8.618056890554726124e-04
3.435939433984458447e-04
-2.760350762400776148e-04
-9.800835978239774704e-04
-1.749506569467484951e-03
-2.563595771789550781e-03
-3.400395857170224190e-03
-4.237154033035039902e-03
-5.050806794315576553e-03
-5.818436853587627411e-03
-6.517785601317882538e-03
-7.127711083739995956e-03
-7.628650870174169540e-03
-8.003066293895244598e-03
-8.235789835453033447e-03
-8.314399048686027527e-03
-8.229456841945648193e-03
-7.974746637046337128e-03
-7.547435350716114044e-03
-6.948132999241352081e-03
-6.180861499160528183e-03
-5.253046751022338867e-03
-4.175335168838500977e-03
-2.961409045383334160e-03
-1.627680612727999687e-03
-1.930013240780681372e-04
1.321731484495103359e-03
2.894017146900296211e-03
4.500146023929119110e-03
6.115750875324010849e-03
7.716217543929815292e-03
9.277224540710449219e-03
1.077520102262496948e-02
1.218778081238269806e-02
1.349425874650478363e-02
1.467598415911197662e-02
1.571669429540634155e-02
1.660284586250782013e-02
1.732383295893669128e-02
1.787221059203147888e-02
1.824377104640007019e-02
1.843765936791896820e-02
1.845631189644336700e-02
1.830541528761386871e-02
1.799373701214790344e-02
1.753296144306659698e-02
1.693740300834178925e-02
1.622373238205909729e-02
1.541061513125896454e-02
1.451828051358461380e-02
1.356819551438093185e-02
1.258255727589130402e-02
1.158385723829269409e-02
1.059444993734359741e-02
9.636093862354755402e-03
8.729495108127593994e-03
7.893961854279041290e-03
7.146964780986309052e-03
6.503812968730926514e-03
5.977377295494079590e-03
5.577837117016315460e-03
5.312473978847265244e-03
5.185602698475122452e-03
5.198423750698566437e-03
5.349069833755493164e-03
5.632688291370868683e-03
6.041499786078929901e-03
6.565034389495849609e-03
7.190352771431207657e-03
7.902344688773155212e-03
8.684040978550910950e-03
9.517015889286994934e-03
1.038178801536560059e-02
1.125825010240077972e-02
1.212607324123382568e-02
1.296520978212356567e-02
1.375629566609859467e-02
1.448110491037368774e-02
1.512291282415390015e-02
1.566691324114799500e-02
1.610051468014717102e-02
1.641365140676498413e-02
1.659899391233921051e-02
1.665211841464042664e-02
1.657162606716156006e-02
1.635917276144027710e-02
1.601946167647838593e-02
1.556009519845247269e-02
1.499149762094020844e-02
1.432659942656755447e-02
1.358059979975223541e-02
1.277062762528657913e-02
1.191536802798509598e-02
1.103457529097795486e-02
1.014868170022964478e-02
9.278306737542152405e-03
8.443763479590415955e-03
7.664570119231939316e-03
6.959021091461181641e-03
6.343689747154712677e-03
5.833039991557598114e-03
5.439068190753459930e-03
5.170988850295543671e-03
5.034943111240863800e-03
5.033868364989757538e-03
5.167344119399785995e-03
5.431574769318103790e-03
5.819439888000488281e-03
6.320588290691375732e-03
6.921668536961078644e-03
7.606586907058954239e-03
8.356858976185321808e-03
9.151977486908435822e-03
9.969937615096569061e-03
1.078764908015727997e-02
1.158152800053358078e-02
1.232802309095859528e-02
1.300415396690368652e-02
1.358806900680065155e-02
1.405959017574787140e-02
1.440066657960414886e-02
1.459584105759859085e-02
1.463264506310224533e-02
1.450189389288425446e-02
1.419798005372285843e-02
1.371895335614681244e-02
1.306670717895030975e-02
1.224686019122600555e-02
1.126870978623628616e-02
1.014501042664051056e-02
8.891703560948371887e-03
7.527557201683521271e-03
6.073745898902416229e-03
4.553332924842834473e-03
2.990745007991790771e-03
1.411241246387362480e-03
-1.597598165972158313e-04
-1.697218394838273525e-03
-3.177075181156396866e-03
-4.576844163239002228e-03
-5.876119248569011688e-03
-7.057026028633117676e-03
-8.104707114398479462e-03
-9.007556363940238953e-03
-9.757578372955322266e-03
-1.035046763718128204e-02
-1.078573614358901978e-02
-1.106666587293148041e-02
-1.120017748326063156e-02
-1.119668502360582352e-02
-1.106971967965364456e-02
-1.083563454449176788e-02
-1.051314175128936768e-02
-1.012281887233257294e-02
-9.686621837317943573e-03
-9.227281436324119568e-03
-8.767768740653991699e-03
-8.330710232257843018e-03
-7.937875576317310333e-03
-7.609622087329626083e-03
-7.364409975707530975e-03
-7.218429353088140488e-03
-7.185192313045263290e-03
-7.275241427123546600e-03
-7.495989091694355011e-03
-7.851506583392620087e-03
-8.342511951923370361e-03
-8.966376073658466339e-03
-9.717239066958427429e-03
-1.058616209775209427e-02
-1.156136207282543182e-02
-1.262852549552917480e-02
-1.377116609364748001e-02
-1.497093774378299713e-02
-1.620815321803092957e-02
-1.746212691068649292e-02
-1.871168427169322968e-02
-1.993555016815662384e-02
-2.111284807324409485e-02
-2.222345396876335144e-02
-2.324842475354671478e-02
-2.417034283280372620e-02
-2.497363649308681488e-02
-2.564484253525733948e-02
-2.617285214364528656e-02
-2.654905058443546295e-02
-2.676747366786003113e-02
-2.682488597929477692e-02
-2.672075293958187103e-02
-2.645725011825561523e-02
-2.603917196393013000e-02
-2.547377347946166992e-02
-2.477065287530422211e-02
-2.394150570034980774e-02
-2.299987524747848511e-02
-2.196091040968894958e-02
-2.084102109074592590e-02
-1.965758576989173889e-02
-1.842860504984855652e-02
-1.717236638069152832e-02
-1.590709015727043152e-02
-1.465059258043766022e-02
-1.341991871595382690e-02
-1.223108638077974319e-02
-1.109872572124004364e-02
-1.003585290163755417e-02
-9.053587913513183594e-03
-8.160991594195365906e-03
-7.364879362285137177e-03
-6.669722497463226318e-03
-6.077536847442388535e-03
-5.587923340499401093e-03
-5.198033060878515244e-03
-4.902693443000316620e-03
-4.694521427154541016e-03
-4.564092960208654404e-03
-4.500173032283782959e-03
-4.489973187446594238e-03
-4.519446287304162979e-03
-4.573622252792119980e-03
-4.636941943317651749e-03
-4.693624563515186310e-03
-4.728051833808422089e-03
-4.725125618278980255e-03
-4.670621361583471298e-03
-4.551528487354516983e-03
-4.356393124908208847e-03
-4.075554199516773224e-03
-3.701427485793828964e-03
-3.228652523830533028e-03
-2.654272364452481270e-03
-1.977805746719241142e-03
-1.201230334118008614e-03
-3.290146705694496632e-04
6.320253014564514160e-04
1.672883285209536552e-03
2.782535506412386894e-03
3.948223777115345001e-03
5.155764520168304443e-03
6.389857735484838486e-03
7.634475827217102051e-03
8.873228915035724640e-03
1.008975692093372345e-02
1.126810628920793533e-02
1.239311508834362030e-02
1.345075201243162155e-02
1.442843675613403320e-02
1.531529892235994339e-02
1.610242761671543121e-02
1.678301766514778137e-02
1.735251583158969879e-02
1.780863851308822632e-02
1.815139129757881165e-02
1.838300749659538269e-02
1.850778236985206604e-02
1.853195205330848694e-02
1.846342347562313080e-02
1.831158809363842010e-02
1.808693632483482361e-02
1.780083961784839630e-02
1.746518351137638092e-02
1.709205843508243561e-02
1.669346913695335388e-02
1.628099568188190460e-02
1.586559414863586426e-02
1.545729953795671463e-02
1.506504975259304047e-02
1.469654776155948639e-02
1.435809768736362457e-02
1.405458338558673859e-02
1.378940790891647339e-02
1.356454007327556610e-02
1.338054053485393524e-02
1.323663443326950073e-02
1.313087064772844315e-02
1.306024193763732910e-02
1.302080787718296051e-02
1.300792116671800613e-02
1.301636267453432083e-02
1.304052956402301788e-02
1.307458896189928055e-02
1.311268471181392670e-02
1.314905099570751190e-02
1.317815016955137253e-02
1.319480221718549728e-02
1.319429837167263031e-02
1.317248214036226273e-02
1.312577910721302032e-02
1.305131055414676666e-02
1.294684596359729767e-02
1.281088590621948242e-02
1.264261454343795776e-02
1.244190894067287445e-02
1.220927573740482330e-02
1.194584928452968597e-02
1.165330410003662109e-02
1.133379619568586349e-02
1.098991185426712036e-02
1.062454469501972198e-02
1.024085469543933868e-02
9.842144325375556946e-03
9.431742131710052490e-03
9.012942202389240265e-03
8.588878437876701355e-03
8.162410929799079895e-03
7.736063096672296524e-03
7.311867084354162216e-03
6.891332566738128662e-03
6.475345697253942490e-03
6.064109504222869873e-03
5.657084286212921143e-03
5.252970848232507706e-03
4.849696066230535507e-03
4.444429185241460800e-03
4.033604171127080917e-03
3.613010048866271973e-03
3.177848411723971367e-03
2.722844481468200684e-03
2.242404269054532051e-03
1.730749034322798252e-03
1.182101666927337646e-03
5.908608436584472656e-04
-4.819184687221422791e-05
-7.396891596727073193e-04
-1.487462199293076992e-03
-2.294388366863131523e-03
-3.162139561027288437e-03
-4.091081209480762482e-03
-5.080106668174266815e-03
-6.126525811851024628e-03
-7.226012647151947021e-03
-8.372550830245018005e-03
-9.558488614857196808e-03
-1.077457051724195480e-02
-1.201008539646863937e-02
-1.325298566371202469e-02
-1.449014060199260712e-02
-1.570755988359451294e-02
-1.689070835709571838e-02
-1.802480034530162811e-02
-1.909516006708145142e-02
-2.008757181465625763e-02
-2.098868601024150848e-02
-2.178631536662578583e-02
-2.246982604265213013e-02
-2.303042449057102203e-02
-2.346146479249000549e-02
-2.375863865017890930e-02
-2.392020821571350098e-02
-2.394704893231391907e-02
-2.384277805685997009e-02
-2.361365780234336853e-02
-2.326854132115840912e-02
-2.281869761645793915e-02
-2.227756753563880920e-02
-2.166046574711799622e-02
-2.098423615097999573e-02
-2.026684954762458801e-02
-1.952695474028587341e-02
-1.878342404961585999e-02
-1.805488951504230499e-02
-1.735928095877170563e-02
-1.671331189572811127e-02
-1.613212376832962036e-02
-1.562885940074920654e-02
-1.521432586014270782e-02
-1.489674113690853119e-02
-1.468148548156023026e-02
-1.457101572304964066e-02
-1.456476282328367233e-02
-1.465915702283382416e-02
-1.484778523445129395e-02
-1.512147020548582077e-02
-1.546859927475452423e-02
-1.587537676095962524e-02
-1.632619649171829224e-02
-1.680403761565685272e-02
-1.729089953005313873e-02
-1.776826009154319763e-02
-1.821750029921531677e-02
-1.862040162086486816e-02
-1.895954832434654236e-02
-1.921873725950717926e-02
-1.938337832689285278e-02
-1.944077387452125549e-02
-1.938044279813766479e-02
-1.919429935514926910e-02
-1.887682639062404633e-02
-1.842516846954822540e-02
-1.783914491534233093e-02
-1.712122000753879547e-02
-1.627645269036293030e-02
-1.531226933002471924e-02
-1.423836778849363327e-02
-1.306636817753314972e-02
-1.180965173989534378e-02
-1.048297155648469925e-02
-9.102140553295612335e-03
-7.683746516704559326e-03
-6.244729273021221161e-03
-4.802084062248468399e-03
-3.372512757778167725e-03
-1.972083700820803642e-03
-6.159573676995933056e-04
6.819159025326371193e-04
1.909021986648440361e-03
3.054525004699826241e-03
4.109425935894250870e-03
5.066688172519207001e-03
5.921340081840753555e-03
6.670564413070678711e-03
7.313630077987909317e-03
7.851943373680114746e-03
8.288914337754249573e-03
8.629888296127319336e-03
8.881965652108192444e-03
9.053853340446949005e-03
9.155620820820331573e-03
9.198496118187904358e-03
9.194592945277690887e-03
9.156672284007072449e-03
9.097849950194358826e-03
9.031264111399650574e-03
8.969890885055065155e-03
8.926208131015300751e-03
8.911947719752788544e-03
8.937863633036613464e-03
9.013498201966285706e-03
9.146991185843944550e-03
9.344905614852905273e-03
9.612105786800384521e-03
9.951664134860038757e-03
1.036478579044342041e-02
1.085077039897441864e-02
1.140704471617937088e-02
1.202921010553836823e-02
1.271112263202667236e-02
1.344500761479139328e-02
1.422161888331174850e-02
1.503040641546249390e-02
1.585973612964153290e-02
1.669710688292980194e-02
1.752940192818641663e-02
1.834314875304698944e-02
1.912477426230907440e-02
1.986087486147880554e-02
2.053849957883358002e-02
2.114539965987205505e-02
2.167028188705444336e-02
2.210302837193012238e-02
2.243492379784584045e-02
2.265882492065429688e-02
2.276932075619697571e-02
2.276285365223884583e-02
2.263777516782283783e-02
2.239443548023700714e-02
2.203513495624065399e-02
2.156409993767738342e-02
2.098741196095943451e-02
2.031285874545574188e-02
1.954977586865425110e-02
1.870885677635669708e-02
1.780191436409950256e-02
1.684157922863960266e-02
1.584110036492347717e-02
1.481399498879909515e-02
1.377370767295360565e-02
1.273339055478572845e-02
1.170551963150501251e-02
1.070166938006877899e-02
9.732211008667945862e-03
8.806081488728523254e-03
7.930588908493518829e-03
7.111270911991596222e-03
6.351736374199390411e-03
5.653624422848224640e-03
5.016587674617767334e-03
4.438316915184259415e-03
3.914654254913330078e-03
3.439681138843297958e-03
3.005942795425653458e-03
2.604661975055932999e-03
2.225968288257718086e-03
1.859229756519198418e-03
1.493348157964646816e-03
1.117050647735595703e-03
7.192388293333351612e-04
2.893641649279743433e-04
-1.823559432523325086e-04
-7.045641541481018066e-04
-1.284535275772213936e-03
-1.927925623022019863e-03
-2.638594713062047958e-03
-3.418463515117764473e-03
-4.267379641532897949e-03
-5.183115601539611816e-03
-6.161347031593322754e-03
-7.195713929831981659e-03
-8.277967572212219238e-03
-9.398065507411956787e-03
-1.054443232715129852e-02
-1.170420460402965546e-02
-1.286347955465316772e-02
-1.400766801089048386e-02
-1.512179989367723465e-02
-1.619091071188449860e-02
-1.720034703612327576e-02
-1.813616789877414703e-02
-1.898548007011413574e-02
-1.973673515021800995e-02
-2.038005739450454712e-02
-2.090751007199287415e-02
-2.131328918039798737e-02
-2.159395255148410797e-02
-2.174848504364490509e-02
-2.177840843796730042e-02
-2.168780565261840820e-02
-2.148322388529777527e-02
-2.117360755801200867e-02
-2.077014371752738953e-02
-2.028598636388778687e-02
-1.973606832325458527e-02
-1.913671940565109253e-02
-1.850536093115806580e-02
-1.786006614565849304e-02
-1.721923798322677612e-02
-1.660111360251903534e-02
-1.602338068187236786e-02
-1.550275832414627075e-02
-1.505457144230604172e-02
-1.469240523874759674e-02
-1.442774385213851929e-02
-1.426967047154903412e-02
-1.422461867332458496e-02
-1.429614704102277756e-02
-1.448485441505908966e-02
-1.478827279061079025e-02
-1.520084775984287262e-02
-1.571404375135898590e-02
-1.631641015410423279e-02
-1.699385605752468109e-02
-1.772981323301792145e-02
-1.850564777851104736e-02
-1.930094137787818909e-02
-2.009396627545356750e-02
-2.086206898093223572e-02
-2.158221788704395294e-02
-2.223142236471176147e-02
-2.278726734220981598e-02
-2.322841621935367584e-02
-2.353504858911037445e-02
-2.368934080004692078e-02
-2.367587387561798096e-02
-2.348199859261512756e-02
-2.309815958142280579e-02
-2.251810207962989807e-02
-2.173911966383457184e-02
-2.076209336519241333e-02
-1.959155499935150146e-02
-1.823562011122703552e-02
-1.670585945248603821e-02
-1.501708477735519409e-02
-1.318706106394529343e-02
-1.123616565018892288e-02
-9.186975657939910889e-03
-7.063812110573053360e-03
-4.892221186310052872e-03
-2.698487136512994766e-03
-5.090489867143332958e-04
1.650004065595567226e-03
3.753483295440673828e-03
5.777640733867883682e-03
7.700569927692413330e-03
9.502708911895751953e-03
1.116717327386140823e-02
1.268008165061473846e-02
1.403078157454729080e-02
1.521204970777034760e-02
1.622011139988899231e-02
1.705471798777580261e-02
1.771903410553932190e-02
1.821950636804103851e-02
1.856564730405807495e-02
1.876973733305931091e-02
1.884650625288486481e-02
1.881275326013565063e-02
1.868687197566032410e-02
1.848845556378364563e-02
1.823778823018074036e-02
1.795537769794464111e-02
1.766147837042808533e-02
1.737565174698829651e-02
1.711628213524818420e-02
1.690024323761463165e-02
1.674248464405536652e-02
1.665575988590717316e-02
1.665036194026470184e-02
1.673391833901405334e-02
1.691133901476860046e-02
1.718465611338615417e-02
1.755310781300067902e-02
1.801321469247341156e-02
1.855887100100517273e-02
1.918159797787666321e-02
1.987077668309211731e-02
2.061394415795803070e-02
2.139716409146785736e-02
2.220535464584827423e-02
2.302274480462074280e-02
2.383321523666381836e-02
2.462076954543590546e-02
2.536990121006965637e-02
2.606598101556301117e-02
2.669559791684150696e-02
2.724692784249782562e-02
2.770991064608097076e-02
2.807659469544887543e-02
2.834118530154228210e-02
2.850023843348026276e-02
2.855261601507663727e-02
2.849954925477504730e-02
2.834450639784336090e-02
2.809305116534233093e-02
2.775266766548156738e-02
2.733247913420200348e-02
2.684300579130649567e-02
2.629579231142997742e-02
2.570310793817043304e-02
2.507754601538181305e-02
2.443167567253112793e-02
2.377768605947494507e-02
2.312700822949409485e-02
2.249001711606979370e-02
2.187572792172431946e-02
2.129155211150646210e-02
2.074306085705757141e-02
2.023387886583805084e-02
1.976552233099937439e-02
1.933741196990013123e-02
1.894682645797729492e-02
1.858904585242271423e-02
1.825740747153759003e-02
1.794354990124702454e-02
1.763757504522800446e-02
1.732835546135902405e-02
1.700383797287940979e-02
1.665134355425834656e-02
1.625795289874076843e-02
1.581080444157123566e-02
1.529752276837825775e-02
1.470652036368846893e-02
1.402738224714994431e-02
1.325108669698238373e-02
1.237038336694240570e-02
1.138000655919313431e-02
1.027684472501277924e-02
9.060099720954895020e-03
7.731415331363677979e-03
6.294895894825458527e-03
4.757060203701257706e-03
3.126823808997869492e-03
1.415315316990017891e-03
-3.642633673734962940e-04
-2.196911023929715157e-03
-4.066102206707000732e-03
-5.954091437160968781e-03
-7.842299528419971466e-03
-9.711663238704204559e-03
-1.154307555407285690e-02
-1.331776566803455353e-02
-1.501769386231899261e-02
-1.662601158022880554e-02
-1.812735013663768768e-02
-1.950825005769729614e-02
-2.075739949941635132e-02
-2.186593413352966309e-02
-2.282766439020633698e-02
-2.363914623856544495e-02
-2.429985813796520233e-02
-2.481215074658393860e-02
-2.518122270703315735e-02
-2.541501447558403015e-02
-2.552399411797523499e-02
-2.552094496786594391e-02
-2.542064152657985687e-02
-2.523949742317199707e-02
-2.499521896243095398e-02
-2.470633760094642639e-02
-2.439178340137004852e-02
-2.407044544816017151e-02
-2.376072295010089874e-02
-2.348007448017597198e-02
-2.324461564421653748e-02
-2.306874655187129974e-02
-2.296479418873786926e-02
-2.294275350868701935e-02
-2.301002852618694305e-02
-2.317130193114280701e-02
-2.342839911580085754e-02
-2.378026954829692841e-02
-2.422303147614002228e-02
-2.475006319582462311e-02
-2.535216137766838074e-02
-2.601777948439121246e-02
-2.673330344259738922e-02
-2.748333476483821869e-02
-2.825111709535121918e-02
-2.901887334883213043e-02
-2.976822853088378906e-02
-3.048061765730381012e-02
-3.113770484924316406e-02
-3.172179311513900757e-02
-3.221622854471206665e-02
-3.260571509599685669e-02
-3.287667781114578247e-02
-3.301753848791122437e-02
-3.301894664764404297e-02
-3.287396952509880066e-02
-3.257821127772331238e-02
-3.212990239262580872e-02
-3.152989596128463745e-02
-3.078164532780647278e-02
-2.989106252789497375e-02
-2.886643446981906891e-02
-2.771816216409206390e-02
-2.645855769515037537e-02
-2.510154806077480316e-02
-2.366234548389911652e-02
-2.215716615319252014e-02
-2.060282044112682343e-02
-1.901639252901077271e-02
-1.741486229002475739e-02
-1.581477746367454529e-02
-1.423190254718065262e-02
-1.268090028315782547e-02
-1.117506157606840134e-02
-9.726057760417461395e-03
-8.343702182173728943e-03
-7.035831920802593231e-03
-5.808153655380010605e-03
-4.664167761802673340e-03
-3.605180885642766953e-03
-2.630308270454406738e-03
-1.736567937768995762e-03
-9.189784759655594826e-04
-1.707568735582754016e-04
5.164965987205505371e-04
1.152537763118743896e-03
1.748231006786227226e-03
2.315230667591094971e-03
2.865680959075689316e-03
3.411896526813507080e-03
3.966019954532384872e-03
4.539726767688989639e-03
5.143871996551752090e-03
5.788220558315515518e-03
6.481157150119543076e-03
7.229454815387725830e-03
8.038033731281757355e-03
8.909821510314941406e-03
9.845572523772716522e-03
1.084383856505155563e-02
1.190088503062725067e-02
1.301072724163532257e-02
1.416516862809658051e-02
1.535395067185163498e-02
1.656485721468925476e-02
1.778398640453815460e-02
1.899595186114311218e-02
2.018419653177261353e-02
2.133128419518470764e-02
2.241930179297924042e-02
2.343017980456352234e-02
2.434607595205307007e-02
2.514981105923652649e-02
2.582519873976707458e-02
2.635745331645011902e-02
2.673352882266044617e-02
2.694245055317878723e-02
2.697559632360935211e-02
2.682696841657161713e-02
2.649336494505405426e-02
2.597453631460666656e-02
2.527325786650180817e-02
2.439539134502410889e-02
2.334980107843875885e-02
2.214825712144374847e-02
2.080528065562248230e-02
1.933789625763893127e-02
1.776534691452980042e-02
1.610876061022281647e-02
1.439073961228132248e-02
1.263495814055204391e-02
1.086570601910352707e-02
9.107375517487525940e-03
7.384032011032104492e-03
5.718879401683807373e-03
4.133836831897497177e-03
2.649046480655670166e-03
1.282474375329911709e-03
4.955083204549737275e-05
-1.037169946357607841e-03
-1.968240831047296524e-03
-2.737562404945492744e-03
-3.342463169246912003e-03
-3.783744527027010918e-03
-4.065691027790307999e-03
-4.195940680801868439e-03
-4.185271449387073517e-03
-4.047417547553777695e-03
-3.798690391704440117e-03
-3.457668470218777657e-03
-3.044720040634274483e-03
-2.581570995971560478e-03
-2.090804278850555420e-03
-1.595364534296095371e-03
-1.118035637773573399e-03
-6.809428450651466846e-04
-3.050520899705588818e-04
-9.718537512526381761e-06
1.877203612821176648e-04
2.723500074353069067e-04
2.319604100193828344e-04
5.731731653213500977e-05
-2.576514962129294872e-04
-7.157459622249007225e-04
-1.316449022851884365e-03
-2.055954886600375175e-03
-2.927276538684964180e-03
-3.920383751392364502e-03
-5.022464785724878311e-03
-6.218186113983392715e-03
-7.490025367587804794e-03
-8.818645961582660675e-03
-1.018328685313463211e-02
-1.156221888959407806e-02
-1.293313689529895782e-02
-1.427363418042659760e-02
-1.556161604821681976e-02
-1.677574589848518372e-02
-1.789582706987857819e-02
-1.890316233038902283e-02
-1.978091895580291748e-02
-2.051440440118312836e-02
-2.109133638441562653e-02
-2.150200866162776947e-02
-2.173946984112262726e-02
-2.179960906505584717e-02
-2.168120071291923523e-02
-2.138589136302471161e-02
-2.091814391314983368e-02
-2.028511278331279755e-02
-1.949647627770900726e-02
-1.856424659490585327e-02
-1.750249788165092468e-02
-1.632709428668022156e-02
-1.505537610501050949e-02
-1.370578445494174957e-02
-1.229750830680131912e-02
-1.085014361888170242e-02
-9.383219294250011444e-03
-7.915894500911235809e-03
-6.466521415859460831e-03
-5.052283406257629395e-03
-3.688877914100885391e-03
-2.390162553638219833e-03
-1.167903887107968330e-03
-3.152489807689562440e-05
1.012079417705535889e-03
1.958680106326937675e-03
2.806787146255373955e-03
3.557649208232760429e-03
4.215203225612640381e-03
4.785987548530101776e-03
5.278890021145343781e-03
5.704988725483417511e-03
6.077192723751068115e-03
6.409899797290563583e-03
6.718614604324102402e-03
7.019504904747009277e-03
7.328952662646770477e-03
7.663054857403039932e-03
8.037199266254901886e-03
8.465537801384925842e-03
8.960601873695850372e-03
9.532831609249114990e-03
1.019026152789592743e-02
1.093820016831159592e-02
1.177897118031978607e-02
1.271174568682909012e-02
1.373247615993022919e-02
1.483384519815444946e-02
1.600538566708564758e-02
1.723362505435943604e-02
1.850231736898422241e-02
1.979276537895202637e-02
2.108422294259071350e-02
2.235432900488376617e-02
2.357963100075721741e-02
2.473606169223785400e-02
2.579956687986850739e-02
2.674660645425319672e-02
2.755478024482727051e-02
2.820332348346710205e-02
2.867361903190612793e-02
2.894970215857028961e-02
2.901861630380153656e-02
2.887076511979103088e-02
2.850021794438362122e-02
2.790480852127075195e-02
2.708632312715053558e-02
2.605043351650238037e-02
2.480664290487766266e-02
2.336815372109413147e-02
2.175153978168964386e-02
1.997653022408485413e-02
1.806553080677986145e-02
1.604327373206615448e-02
1.393622159957885742e-02
1.177217066287994385e-02
9.579625912010669708e-03
7.387285120785236359e-03
5.223473999649286270e-03
3.115624189376831055e-03
1.089777098968625069e-03
-8.299454930238425732e-04
-2.621695399284362793e-03
-4.266357515007257462e-03
-5.747805349528789520e-03
-7.053227629512548447e-03
-8.173255249857902527e-03
-9.102150797843933105e-03
-9.837828576564788818e-03
-1.038185227662324905e-02
-1.073937676846981049e-02
-1.091896928846836090e-02
-1.093242317438125610e-02
-1.079450547695159912e-02
-1.052262168377637863e-02
-1.013648696243762970e-02
-9.657688438892364502e-03
-9.109308011829853058e-03
-8.515411987900733948e-03
-7.900622673332691193e-03
-7.289642002433538437e-03
-6.706747226417064667e-03
-6.175352726131677628e-03
-5.717538297176361084e-03
-5.353639833629131317e-03
-5.101856775581836700e-03
-4.977877251803874969e-03
-4.994623363018035889e-03
-5.161928944289684296e-03
-5.486388690769672394e-03
-5.971221718937158585e-03
-6.616167724132537842e-03
-7.417517714202404022e-03
-8.368168957531452179e-03
-9.457720443606376648e-03
-1.067269593477249146e-02
-1.199679356068372726e-02
-1.341117359697818756e-02
-1.489485334604978561e-02
-1.642507687211036682e-02
-1.797775551676750183e-02
-1.952799223363399506e-02
-2.105049788951873779e-02
-2.252015098929405212e-02
-2.391245029866695404e-02
-2.520404383540153503e-02
-2.637315914034843445e-02
-2.740006521344184875e-02
-2.826744876801967621e-02
-2.896078303456306458e-02
-2.946856059134006500e-02
-2.978258766233921051e-02
-2.989807166159152985e-02
-2.981371246278285980e-02
-2.953172847628593445e-02
-2.905775979161262512e-02
-2.840065397322177887e-02
-2.757232263684272766e-02
-2.658739686012268066e-02
-2.546284720301628113e-02
-2.421759441494941711e-02
-2.287202328443527222e-02
-2.144751884043216705e-02
-1.996590569615364075e-02
-1.844896376132965088e-02
-1.691790111362934113e-02
-1.539284735918045044e-02
-1.389240473508834839e-02
-1.243320386856794357e-02
-1.102958619594573975e-02
-9.693277068436145782e-03
-8.433155715465545654e-03
-7.255168166011571884e-03
-6.162201054394245148e-03
-5.154167301952838898e-03
-4.228110425174236298e-03
-3.378358436748385429e-03
-2.596862614154815674e-03
-1.873464905656874180e-03
-1.196339726448059082e-03
-5.523711442947387695e-04
7.231682684505358338e-05
6.919130682945251465e-04
1.320466399192810059e-03
1.971346093341708183e-03
2.656860742717981339e-03
3.387835575267672539e-03
4.173257853835821152e-03
5.019974894821643829e-03
5.932499654591083527e-03
6.912847049534320831e-03
7.960466668009757996e-03
9.072271175682544708e-03
1.024270616471767426e-02
1.146390475332736969e-02
1.272594369947910309e-02
1.401712000370025635e-02
1.532425265759229660e-02
1.663308031857013702e-02
1.792868599295616150e-02
1.919583417475223541e-02
2.041944302618503571e-02
2.158492617309093475e-02
2.267861366271972656e-02
2.368804067373275757e-02
2.460226230323314667e-02
2.541209198534488678e-02
2.611026726663112640e-02
2.669162675738334656e-02
2.715310081839561462e-02
2.749379351735115051e-02
2.771483734250068665e-02
2.781940065324306488e-02
2.781244181096553802e-02
2.770053967833518982e-02
2.749167755246162415e-02
2.719499543309211731e-02
2.682048082351684570e-02
2.637870609760284424e-02
2.588058635592460632e-02
2.533703483641147614e-02
2.475877106189727783e-02
2.415605261921882629e-02
2.353846281766891479e-02
2.291475422680377960e-02
2.229267172515392303e-02
2.167884819209575653e-02
2.107876539230346680e-02
2.049663476645946503e-02
1.993547752499580383e-02
1.939705573022365570e-02
1.888199895620346069e-02
1.838985085487365723e-02
1.791913248598575592e-02
1.746749691665172577e-02
1.703183911740779877e-02
1.660842075943946838e-02
1.619304344058036804e-02
1.578110828995704651e-02
1.536783855408430099e-02
1.494837272912263870e-02
1.451788377016782761e-02
1.407171506434679031e-02
1.360543258488178253e-02
1.311500184237957001e-02
1.259679906070232391e-02
1.204768009483814240e-02
1.146508567035198212e-02
1.084701530635356903e-02
1.019210647791624069e-02
9.499622508883476257e-03
8.769465610384941101e-03
8.002171292901039124e-03
7.198889739811420441e-03
6.361375562846660614e-03
5.491910967975854874e-03
4.593321587890386581e-03
3.668898250907659531e-03
2.722319914028048515e-03
1.757653080858290195e-03
7.792249089106917381e-04
-2.084240259137004614e-04
-1.200590981170535088e-03
-2.192530082538723946e-03
-3.179466817528009415e-03
-4.156733863055706024e-03
-5.119815468788146973e-03
-6.064404733479022980e-03
-6.986486725509166718e-03
-7.882403209805488586e-03
-8.748872205615043640e-03
-9.583055973052978516e-03
-1.038258709013462067e-02
-1.114558428525924683e-02
-1.187068223953247070e-02
-1.255700923502445221e-02
-1.320419274270534515e-02
-1.381233148276805878e-02
-1.438198704272508621e-02
-1.491410005837678909e-02
-1.540997158735990524e-02
-1.587123237550258636e-02
-1.629975438117980957e-02
-1.669756881892681122e-02
-1.706685498356819153e-02
-1.740981265902519226e-02
-1.772865653038024902e-02
-1.802551187574863434e-02
-1.830236054956912994e-02
-1.856098882853984833e-02
-1.880293525755405426e-02
-1.902945525944232941e-02
-1.924144290387630463e-02
-1.943945325911045074e-02
-1.962363719940185547e-02
-1.979374699294567108e-02
-1.994911208748817444e-02
-2.008867450058460236e-02
-2.021097578108310699e-02
-2.031417191028594971e-02
-2.039610594511032104e-02
-2.045429125428199768e-02
-2.048602886497974396e-02
-2.048840932548046112e-02
-2.045840583741664886e-02
-2.039295993745326996e-02
-2.028902992606163025e-02
-2.014368958771228790e-02
-1.995422691106796265e-02
-1.971818879246711731e-02
-1.943352073431015015e-02
-1.909858919680118561e-02
-1.871227473020553589e-02
-1.827406324446201324e-02
-1.778404787182807922e-02
-1.724300719797611237e-02
-1.665238291025161743e-02
-1.601434499025344849e-02
-1.533172838389873505e-02
-1.460804231464862823e-02
-1.384737063199281693e-02
-1.305435877293348312e-02
-1.223409362137317657e-02
-1.139201782643795013e-02
-1.053381152451038361e-02
-9.665256366133689880e-03
-8.792134933173656464e-03
-7.920054718852043152e-03
-7.054342422634363174e-03
-6.199886091053485870e-03
-5.361019168049097061e-03
-4.541432950645685196e-03
-3.744007553905248642e-03
-2.970828209072351456e-03
-2.223022282123565674e-03
-1.500825630500912666e-03
-8.034870261326432228e-04
-1.293495297431945801e-04
5.241557955741882324e-04
1.160384737886488438e-03
1.783445477485656738e-03
2.398045267909765244e-03
3.009332809597253799e-03
3.622819436714053154e-03
4.244148731231689453e-03
4.878926090896129608e-03
5.532616283744573593e-03
6.210274994373321533e-03
6.916441023349761963e-03
7.655009627342224121e-03
8.429011330008506775e-03
9.240554645657539368e-03
1.009072922170162201e-02
1.097948104143142700e-02
1.190563291311264038e-02
1.286679506301879883e-02
1.385943870991468430e-02
1.487885136157274246e-02
1.591928675770759583e-02
1.697395369410514832e-02
1.803515106439590454e-02
1.909444667398929596e-02
2.014270797371864319e-02
2.117031253874301910e-02
2.216733619570732117e-02
2.312362752854824066e-02
2.402907237410545349e-02
2.487367577850818634e-02
2.564780786633491516e-02
2.634232304990291595e-02
2.694871462881565094e-02
2.745926380157470703e-02
2.786719240248203278e-02
2.816676534712314606e-02
2.835339866578578949e-02
2.842375263571739197e-02
2.837583422660827637e-02
2.820897661149501801e-02
2.792395278811454773e-02
2.752294018864631653e-02
2.700951695442199707e-02
2.638863399624824524e-02
2.566655911505222321e-02
2.485078200697898865e-02
2.394988946616649628e-02
2.297346480190753937e-02
