-2.000000029802322388e-01
-2.043491601943969727e-01
-2.135954350233078003e-01
-2.181420624256134033e-01
-2.072531282901763916e-01
-1.744883358478546143e-01
-1.212830767035484314e-01
-5.672789365053176880e-02
6.501442287117242813e-03
5.792229250073432922e-02
9.353251755237579346e-02
1.163108795881271362e-01
1.329815834760665894e-01
1.492898017168045044e-01
1.666425168514251709e-01
1.817707419395446777e-01
1.891069710254669189e-01
1.841765940189361572e-01
1.661187857389450073e-01
1.382325887680053711e-01
1.065307036042213440e-01
7.715342938899993896e-02
5.389459058642387390e-02
3.694921731948852539e-02
2.338201366364955902e-02
8.997431024909019470e-03
-9.340989403426647186e-03
-3.204350918531417847e-02
-5.650967359542846680e-02
-7.828394323587417603e-02
-9.304608404636383057e-02
-9.846074879169464111e-02
-9.501595050096511841e-02
-8.553899824619293213e-02
-7.379017025232315063e-02
-6.294434517621994019e-02
-5.463696271181106567e-02
-4.877651855349540710e-02
-4.395049065351486206e-02
-3.818769007921218872e-02
-2.990090847015380859e-02
-1.875763759016990662e-02
-6.063695065677165985e-03
5.698554217815399170e-03
1.409870851784944534e-02
1.811062917113304138e-02
1.872571557760238647e-02
1.835111342370510101e-02
1.930941082537174225e-02
2.240212820470333099e-02
2.649842761456966400e-02
2.941201999783515930e-02
2.942829206585884094e-02
2.642241679131984711e-02
2.187400497496128082e-02
1.790762692689895630e-02
1.611174829304218292e-02
1.689312607049942017e-02
1.962603628635406494e-02
2.330198325216770172e-02
2.714958228170871735e-02
3.084691241383552551e-02
3.430502489209175110e-02
3.729940205812454224e-02
3.928247839212417603e-02
3.952284902334213257e-02
3.745750710368156433e-02
3.301943093538284302e-02
2.676356397569179535e-02
1.973670721054077148e-02
1.310918480157852173e-02
7.652568630874156952e-03
3.287246916443109512e-03
-9.656220790930092335e-04
-6.432821042835712433e-03
-1.386426854878664017e-02
-2.274121716618537903e-02
-3.137405961751937866e-02
-3.781984373927116394e-02
-4.104103520512580872e-02
-4.151978343725204468e-02
-4.090275615453720093e-02
-4.091054946184158325e-02
-4.223030805587768555e-02
-4.409096762537956238e-02
-4.473745822906494141e-02
-4.243791848421096802e-02
-3.638561815023422241e-02
-2.703687548637390137e-02
-1.584313809871673584e-02
-4.641628358513116837e-03
4.995539784431457520e-03
1.226762961596250534e-02
1.738877967000007629e-02
2.145225927233695984e-02
2.587895467877388000e-02
3.163771703839302063e-02
3.863815218210220337e-02
4.567108675837516785e-02
5.096945166587829590e-02
5.308439210057258606e-02
5.157516524195671082e-02
4.711314290761947632e-02
4.094515368342399597e-02
3.406469151377677917e-02
2.665215171873569489e-02
1.818419247865676880e-02
8.144411258399486542e-03
-3.177216742187738419e-03
-1.438523549586534500e-02
-2.343052998185157776e-02
-2.857610583305358887e-02
-2.932869829237461090e-02
-2.680607512593269348e-02
-2.330283820629119873e-02
-2.123038098216056824e-02
-2.194886282086372375e-02
-2.510330080986022949e-02
-2.883717045187950134e-02
-3.078792430460453033e-02
-2.933562360703945160e-02
-2.444018051028251648e-02
-1.763556525111198425e-02
-1.119920145720243454e-02
-6.934520788490772247e-03
-5.204434506595134735e-03
-4.747373051941394806e-03
-3.418965730816125870e-03
5.145266768522560596e-04
7.267159409821033478e-03
1.528559625148773193e-02
2.203734777867794037e-02
2.537127956748008728e-02
2.464176341891288757e-02
2.096042223274707794e-02
1.648812927305698395e-02
1.323130261152982712e-02
1.203338801860809326e-02
1.226763147860765457e-02
1.230722386389970779e-02
1.045134663581848145e-02
5.821925587952136993e-03
-1.167668378911912441e-03
-8.950322866439819336e-03
-1.548601407557725906e-02
-1.920048333704471588e-02
-1.973943039774894714e-02
-1.811816543340682983e-02
-1.613231375813484192e-02
-1.533354818820953369e-02
-1.616354472935199738e-02
-1.774921268224716187e-02
-1.845384947955608368e-02
-1.685106940567493439e-02
-1.259457785636186600e-02
-6.741501390933990479e-03
-1.347473240457475185e-03
1.515215612016618252e-03
8.618056890554726124e-04
-2.563595771789550781e-03
-6.517785601317882538e-03
-8.314399048686027527e-03
-6.180861499160528183e-03
-1.930013240780681372e-04
7.716217543929815292e-03
1.467598415911197662e-02
1.824377104640007019e-02
1.753296144306659698e-02
1.356819551438093185e-02
8.729495108127593994e-03
5.577837117016315460e-03
5.632688291370868683e-03
8.684040978550910950e-03
1.296520978212356567e-02
1.610051468014717102e-02
1.635917276144027710e-02
1.358059979975223541e-02
9.278306737542152405e-03
5.833039991557598114e-03
5.167344119399785995e-03
7.606586907058954239e-03
1.158152800053358078e-02
1.440066657960414886e-02
1.371895335614681244e-02
8.891703560948371887e-03
1.411241246387362480e-03
-5.876119248569011688e-03
-1.035046763718128204e-02
-1.106971967965364456e-02
-9.227281436324119568e-03
-7.364409975707530975e-03
-7.851506583392620087e-03
-1.156136207282543182e-02
-1.746212691068649292e-02
-2.324842475354671478e-02
-2.654905058443546295e-02
-2.603917196393013000e-02
-2.196091040968894958e-02
-1.590709015727043152e-02
-1.003585290163755417e-02
-6.077536847442388535e-03
-4.564092960208654404e-03
-4.636941943317651749e-03
-4.551528487354516983e-03
-2.654272364452481270e-03
1.672883285209536552e-03
7.634475827217102051e-03
1.345075201243162155e-02
1.735251583158969879e-02
1.853195205330848694e-02
1.746518351137638092e-02
1.545729953795671463e-02
1.378940790891647339e-02
1.306024193763732910e-02
1.307458896189928055e-02
1.319429837167263031e-02
1.281088590621948242e-02
1.165330410003662109e-02
9.842144325375556946e-03
7.736063096672296524e-03
5.657084286212921143e-03
3.613010048866271973e-03
1.182101666927337646e-03
-2.294388366863131523e-03
-7.226012647151947021e-03
-1.325298566371202469e-02
-1.909516006708145142e-02
-2.303042449057102203e-02
-2.384277805685997009e-02
-2.166046574711799622e-02
-1.805488951504230499e-02
-1.521432586014270782e-02
-1.465915702283382416e-02
-1.632619649171829224e-02
-1.862040162086486816e-02
-1.938044279813766479e-02
-1.712122000753879547e-02
-1.180965173989534378e-02
-4.802084062248468399e-03
1.909021986648440361e-03
6.670564413070678711e-03
8.881965652108192444e-03
9.156672284007072449e-03
8.911947719752788544e-03
9.612105786800384521e-03
1.202921010553836823e-02
1.585973612964153290e-02
1.986087486147880554e-02
2.243492379784584045e-02
2.239443548023700714e-02
1.954977586865425110e-02
1.481399498879909515e-02
9.732211008667945862e-03
5.653624422848224640e-03
3.005942795425653458e-03
1.117050647735595703e-03
-1.284535275772213936e-03
-5.183115601539611816e-03
-1.054443232715129852e-02
-1.619091071188449860e-02
-2.038005739450454712e-02
-2.177840843796730042e-02
-2.028598636388778687e-02
-1.721923798322677612e-02
-1.469240523874759674e-02
-1.448485441505908966e-02
-1.699385605752468109e-02
-2.086206898093223572e-02
-2.353504858911037445e-02
-2.251810207962989807e-02
-1.670585945248603821e-02
-7.063812110573053360e-03
3.753483295440673828e-03
1.268008165061473846e-02
1.771903410553932190e-02
1.881275326013565063e-02
1.766147837042808533e-02
1.665575988590717316e-02
1.755310781300067902e-02
2.061394415795803070e-02
2.462076954543590546e-02
2.770991064608097076e-02
2.849954925477504730e-02
2.684300579130649567e-02
2.377768605947494507e-02
2.074306085705757141e-02
1.858904585242271423e-02
1.700383797287940979e-02
1.470652036368846893e-02
1.027684472501277924e-02
3.126823808997869492e-03
-5.954091437160968781e-03
-1.501769386231899261e-02
-2.186593413352966309e-02
-2.518122270703315735e-02
-2.523949742317199707e-02
-2.376072295010089874e-02
-2.294275350868701935e-02
-2.422303147614002228e-02
-2.748333476483821869e-02
-3.113770484924316406e-02
-3.301753848791122437e-02
-3.152989596128463745e-02
-2.645855769515037537e-02
-1.901639252901077271e-02
-1.117506157606840134e-02
-4.664167761802673340e-03
-1.707568735582754016e-04
2.865680959075689316e-03
5.788220558315515518e-03
9.845572523772716522e-03
1.535395067185163498e-02
2.133128419518470764e-02
2.582519873976707458e-02
2.682696841657161713e-02
2.334980107843875885e-02
1.610876061022281647e-02
7.384032011032104492e-03
4.955083204549737275e-05
-3.783744527027010918e-03
-3.798690391704440117e-03
-1.595364534296095371e-03
1.877203612821176648e-04
-7.157459622249007225e-04
-5.022464785724878311e-03
-1.156221888959407806e-02
-1.789582706987857819e-02
-2.150200866162776947e-02
-2.091814391314983368e-02
-1.632709428668022156e-02
-9.383219294250011444e-03
-2.390162553638219833e-03
2.806787146255373955e-03
5.704988725483417511e-03
7.328952662646770477e-03
9.532831609249114990e-03
1.373247615993022919e-02
1.979276537895202637e-02
2.579956687986850739e-02
2.894970215857028961e-02
2.708632312715053558e-02
1.997653022408485413e-02
9.579625912010669708e-03
-8.299454930238425732e-04
-8.173255249857902527e-03
-1.091896928846836090e-02
-9.657688438892364502e-03
-6.706747226417064667e-03
-4.977877251803874969e-03
-6.616167724132537842e-03
-1.199679356068372726e-02
-1.952799223363399506e-02
-2.637315914034843445e-02
-2.978258766233921051e-02
-2.840065397322177887e-02
-2.287202328443527222e-02
-1.539284735918045044e-02
-8.433155715465545654e-03
-3.378358436748385429e-03
7.231682684505358338e-05
3.387835575267672539e-03
7.960466668009757996e-03
1.401712000370025635e-02
2.041944302618503571e-02
2.541209198534488678e-02
2.771483734250068665e-02
2.719499543309211731e-02
2.475877106189727783e-02
2.167884819209575653e-02
1.888199895620346069e-02
1.660842075943946838e-02
1.451788377016782761e-02
1.204768009483814240e-02
8.769465610384941101e-03
4.593321587890386581e-03
-2.084240259137004614e-04
-5.119815468788146973e-03
-9.583055973052978516e-03
-1.320419274270534515e-02
-1.587123237550258636e-02
-1.772865653038024902e-02
-1.902945525944232941e-02
-1.994911208748817444e-02
-2.045429125428199768e-02
-2.028902992606163025e-02
-1.909858919680118561e-02
-1.665238291025161743e-02
-1.305435877293348312e-02
-8.792134933173656464e-03
-4.541432950645685196e-03
-8.034870261326432228e-04
2.398045267909765244e-03
5.532616283744573593e-03
9.240554645657539368e-03
1.385943870991468430e-02
1.909444667398929596e-02
2.402907237410545349e-02
2.745926380157470703e-02
2.837583422660827637e-02
2.638863399624824524e-02
