-2.000000029802322388e-01
-2.016431838274002075e-01
-2.060534954071044922e-01
-2.117633819580078125e-01
-2.166144549846649170e-01
-2.181420624256134033e-01
-2.140258252620697021e-01
-2.025291472673416138e-01
-1.828469038009643555e-01
-1.552927941083908081e-01
-1.212830767035484314e-01
-8.311412483453750610e-02
-4.357306286692619324e-02
-5.459678359329700470e-03
2.888173982501029968e-02
5.792229250073432922e-02
8.112740516662597656e-02
9.892388433218002319e-02
1.124743446707725525e-01
1.233202666044235229e-01
1.329815834760665894e-01
1.426035463809967041e-01
1.527228355407714844e-01
1.631913632154464722e-01
1.732574701309204102e-01
1.817707419395446777e-01
1.874555498361587524e-01
1.891918182373046875e-01
1.862482726573944092e-01
1.784296929836273193e-01
1.661187857389450073e-01
1.502147763967514038e-01
1.319850385189056396e-01
1.128610968589782715e-01
9.421472996473312378e-02
7.715342938899993896e-02
6.236819550395011902e-02
5.005798861384391785e-02
3.994123265147209167e-02
3.134914487600326538e-02
2.338201366364955902e-02
1.509861368685960770e-02
5.704890005290508270e-03
-5.291102919727563858e-03
-1.798299513757228851e-02
-3.204350918531417847e-02
-4.677664488554000854e-02
-6.123359873890876770e-02
-7.437073439359664917e-02
-8.522066473960876465e-02
-9.304608404636383057e-02
-9.744881838560104370e-02
-9.841659665107727051e-02
-9.630180895328521729e-02
-9.174159914255142212e-02
-8.553899824619293213e-02
-7.853125780820846558e-02
-7.147089391946792603e-02
-6.493697315454483032e-02
-5.928543210029602051e-02
-5.463696271181106567e-02
-5.089554190635681152e-02
-4.778926447033882141e-02
-4.492687061429023743e-02
-4.186576604843139648e-02
-3.818769007921218872e-02
-3.357573971152305603e-02
-2.788242325186729431e-02
-2.117475867271423340e-02
-1.374290417879819870e-02
-6.063695065677165985e-03
1.279495656490325928e-03
7.707762531936168671e-03
1.276546902954578400e-02
1.621909998357295990e-02
1.811062917113304138e-02
1.874976232647895813e-02
1.864359341561794281e-02
1.837891526520252228e-02
1.848475448787212372e-02
1.930941082537174225e-02
2.094293385744094849e-02
2.320501208305358887e-02
2.570072375237941742e-02
2.792861498892307281e-02
2.941201999783515930e-02
2.981894090771675110e-02
2.904066443443298340e-02
2.721158787608146667e-02
2.466992102563381195e-02
2.187400497496128082e-02
1.929938234388828278e-02
1.734348013997077942e-02
1.625979132950305939e-02
1.613277196884155273e-02
1.689312607049942017e-02
1.836324855685234070e-02
2.031671255826950073e-02
2.253497764468193054e-02
2.484776638448238373e-02
2.714958228170871735e-02
2.939245104789733887e-02
3.156080842018127441e-02
3.363890200853347778e-02
3.558184951543807983e-02
3.729940205812454224e-02
3.865694999694824219e-02
3.949288278818130493e-02
3.964672237634658813e-02
3.899078443646430969e-02
3.745750710368156433e-02
3.505747765302658081e-02
3.188558295369148254e-02
2.811465784907341003e-02
2.397734858095645905e-02
1.973670721054077148e-02
1.564759574830532074e-02
1.191252283751964569e-02
8.639676496386528015e-03
5.813288502395153046e-03
3.287246916443109512e-03
8.094057557173073292e-04
-1.923583447933197021e-03
-5.190545227378606796e-03
-9.166928939521312714e-03
-1.386426854878664017e-02
-1.910663768649101257e-02
-2.455358579754829407e-02
-2.976660057902336121e-02
-3.430392593145370483e-02
-3.781984373927116394e-02
-4.014319926500320435e-02
-4.131473973393440247e-02
-4.157354310154914856e-02
-4.129605367779731750e-02
-4.090275615453720093e-02
-4.075603559613227844e-02
-4.107372835278511047e-02
-4.187884926795959473e-02
-4.299565404653549194e-02
-4.409096762537956238e-02
-4.474841430783271790e-02
-4.455652832984924316e-02
-4.319030046463012695e-02
-4.046958684921264648e-02
-3.638561815023422241e-02
-3.109501861035823822e-02
-2.488815411925315857e-02
-1.814135350286960602e-02
-1.126309018582105637e-02
-4.641628358513116837e-03
1.401267945766448975e-03
6.647333502769470215e-03
1.100694574415683746e-02
1.452853251248598099e-02
1.738877967000007629e-02
1.986134797334671021e-02
2.226605266332626343e-02
2.490540221333503723e-02
2.800018154084682465e-02
3.163771703839302063e-02
3.574533388018608093e-02
4.009590670466423035e-02
4.434559866786003113e-02
4.809629917144775391e-02
5.096945166587829590e-02
5.267572402954101562e-02
5.306527018547058105e-02
5.214796587824821472e-02
5.007899925112724304e-02
4.711314290761947632e-02
4.353869706392288208e-02
3.960702940821647644e-02
3.547607734799385071e-02
3.118274174630641937e-02
2.665215171873569489e-02
2.174170874059200287e-02
1.630834490060806274e-02
1.028042752295732498e-02
3.714774502441287041e-03
-3.177216742187738419e-03
-1.004218030720949173e-02
-1.643421873450279236e-02
-2.189094573259353638e-02
-2.601972781121730804e-02
-2.857610583305358887e-02
-2.951805293560028076e-02
-2.902431413531303406e-02
-2.747204899787902832e-02
-2.537652291357517242e-02
-2.330283820629119873e-02
-2.176568284630775452e-02
-2.113601192831993103e-02
-2.157317660748958588e-02
-2.299657091498374939e-02
-2.510330080986022949e-02
-2.742898091673851013e-02
-2.943985536694526672e-02
-3.063778579235076904e-02
-3.065732680261135101e-02
-2.933562360703945160e-02
-2.674208953976631165e-02
-2.316242828965187073e-02
-1.904094405472278595e-02
-1.489218790084123611e-02
-1.119920145720243454e-02
-8.317654952406883240e-03
-6.404852960258722305e-03
-5.388364195823669434e-03
-4.981955979019403458e-03
-4.747373051941394806e-03
-4.190772771835327148e-03
-2.874189522117376328e-03
-5.179926520213484764e-04
2.928785979747772217e-03
7.267159409821033478e-03
1.208150200545787811e-02
1.682055369019508362e-02
2.090815082192420959e-02
2.385856769979000092e-02
2.537127956748008728e-02
2.538496255874633789e-02
2.408051863312721252e-02
2.183486334979534149e-02
1.913732662796974182e-02
1.648812927305698395e-02
1.430063880980014801e-02
1.282680500298738480e-02
1.211898587644100189e-02
1.203282736241817474e-02
1.226763147860765457e-02
1.243366580456495285e-02
1.213226281106472015e-02
1.103364676237106323e-02
8.939621970057487488e-03
5.821925587952136993e-03
1.831060624681413174e-03
-2.724938094615936279e-03
-7.428915705531835556e-03
-1.182289421558380127e-02
-1.548601407557725906e-02
-1.810855045914649963e-02
-1.954787224531173706e-02
-1.985389739274978638e-02
-1.925687864422798157e-02
-1.811816543340682983e-02
-1.685329154133796692e-02
-1.584377512335777283e-02
-1.535707153379917145e-02
-1.549234241247177124e-02
-1.616354472935199738e-02
-1.712251268327236176e-02
-1.801583729684352875e-02
-1.846306584775447845e-02
-1.813997142016887665e-02
-1.685106940567493439e-02
-1.457806676626205444e-02
-1.149532757699489594e-02
-7.948772981762886047e-03
-4.400506615638732910e-03
-1.347473240457475185e-03
7.722467416897416115e-04
1.668313168920576572e-03
1.263952231965959072e-03
-2.760350762400776148e-04
-2.563595771789550781e-03
-5.050806794315576553e-03
-7.127711083739995956e-03
-8.235789835453033447e-03
-7.974746637046337128e-03
-6.180861499160528183e-03
-2.961409045383334160e-03
1.321731484495103359e-03
6.115750875324010849e-03
1.077520102262496948e-02
1.467598415911197662e-02
1.732383295893669128e-02
1.843765936791896820e-02
1.799373701214790344e-02
1.622373238205909729e-02
1.356819551438093185e-02
1.059444993734359741e-02
7.893961854279041290e-03
5.977377295494079590e-03
5.185602698475122452e-03
5.632688291370868683e-03
7.190352771431207657e-03
9.517015889286994934e-03
1.212607324123382568e-02
1.448110491037368774e-02
1.610051468014717102e-02
1.665211841464042664e-02
1.601946167647838593e-02
1.432659942656755447e-02
1.191536802798509598e-02
9.278306737542152405e-03
6.959021091461181641e-03
5.439068190753459930e-03
5.033868364989757538e-03
5.819439888000488281e-03
7.606586907058954239e-03
9.969937615096569061e-03
1.232802309095859528e-02
1.405959017574787140e-02
1.463264506310224533e-02
1.371895335614681244e-02
1.126870978623628616e-02
7.527557201683521271e-03
2.990745007991790771e-03
-1.697218394838273525e-03
-5.876119248569011688e-03
-9.007556363940238953e-03
-1.078573614358901978e-02
-1.119668502360582352e-02
-1.051314175128936768e-02
-9.227281436324119568e-03
-7.937875576317310333e-03
-7.218429353088140488e-03
-7.495989091694355011e-03
-8.966376073658466339e-03
-1.156136207282543182e-02
-1.497093774378299713e-02
-1.871168427169322968e-02
-2.222345396876335144e-02
-2.497363649308681488e-02
-2.654905058443546295e-02
-2.672075293958187103e-02
-2.547377347946166992e-02
-2.299987524747848511e-02
-1.965758576989173889e-02
-1.590709015727043152e-02
-1.223108638077974319e-02
-9.053587913513183594e-03
-6.669722497463226318e-03
-5.198033060878515244e-03
-4.564092960208654404e-03
-4.519446287304162979e-03
-4.693624563515186310e-03
-4.670621361583471298e-03
-4.075554199516773224e-03
-2.654272364452481270e-03
-3.290146705694496632e-04
2.782535506412386894e-03
6.389857735484838486e-03
1.008975692093372345e-02
1.345075201243162155e-02
1.610242761671543121e-02
1.780863851308822632e-02
1.850778236985206604e-02
1.831158809363842010e-02
1.746518351137638092e-02
1.628099568188190460e-02
1.506504975259304047e-02
1.405458338558673859e-02
1.338054053485393524e-02
1.306024193763732910e-02
1.301636267453432083e-02
1.311268471181392670e-02
1.319480221718549728e-02
1.312577910721302032e-02
1.281088590621948242e-02
1.220927573740482330e-02
1.133379619568586349e-02
1.024085469543933868e-02
9.012942202389240265e-03
7.736063096672296524e-03
6.475345697253942490e-03
5.252970848232507706e-03
4.033604171127080917e-03
2.722844481468200684e-03
1.182101666927337646e-03
-7.396891596727073193e-04
-3.162139561027288437e-03
-6.126525811851024628e-03
-9.558488614857196808e-03
-1.325298566371202469e-02
-1.689070835709571838e-02
-2.008757181465625763e-02
-2.246982604265213013e-02
-2.375863865017890930e-02
-2.384277805685997009e-02
-2.281869761645793915e-02
-2.098423615097999573e-02
-1.878342404961585999e-02
-1.671331189572811127e-02
-1.521432586014270782e-02
-1.457101572304964066e-02
-1.484778523445129395e-02
-1.587537676095962524e-02
-1.729089953005313873e-02
-1.862040162086486816e-02
-1.938337832689285278e-02
-1.919429935514926910e-02
-1.783914491534233093e-02
-1.531226933002471924e-02
-1.180965173989534378e-02
-7.683746516704559326e-03
-3.372512757778167725e-03
6.819159025326371193e-04
4.109425935894250870e-03
6.670564413070678711e-03
8.288914337754249573e-03
9.053853340446949005e-03
9.194592945277690887e-03
9.031264111399650574e-03
8.911947719752788544e-03
9.146991185843944550e-03
9.951664134860038757e-03
1.140704471617937088e-02
1.344500761479139328e-02
1.585973612964153290e-02
1.834314875304698944e-02
2.053849957883358002e-02
2.210302837193012238e-02
2.276932075619697571e-02
2.239443548023700714e-02
2.098741196095943451e-02
1.870885677635669708e-02
1.584110036492347717e-02
1.273339055478572845e-02
9.732211008667945862e-03
7.111270911991596222e-03
5.016587674617767334e-03
3.439681138843297958e-03
2.225968288257718086e-03
1.117050647735595703e-03
-1.823559432523325086e-04
-1.927925623022019863e-03
-4.267379641532897949e-03
-7.195713929831981659e-03
-1.054443232715129852e-02
-1.400766801089048386e-02
-1.720034703612327576e-02
-1.973673515021800995e-02
-2.131328918039798737e-02
-2.177840843796730042e-02
-2.117360755801200867e-02
-1.973606832325458527e-02
-1.786006614565849304e-02
-1.602338068187236786e-02
-1.469240523874759674e-02
-1.422461867332458496e-02
-1.478827279061079025e-02
-1.631641015410423279e-02
-1.850564777851104736e-02
-2.086206898093223572e-02
-2.278726734220981598e-02
-2.368934080004692078e-02
-2.309815958142280579e-02
-2.076209336519241333e-02
-1.670585945248603821e-02
-1.123616565018892288e-02
-4.892221186310052872e-03
1.650004065595567226e-03
7.700569927692413330e-03
1.268008165061473846e-02
1.622011139988899231e-02
1.821950636804103851e-02
1.884650625288486481e-02
1.848845556378364563e-02
1.766147837042808533e-02
1.690024323761463165e-02
1.665036194026470184e-02
1.718465611338615417e-02
1.855887100100517273e-02
2.061394415795803070e-02
2.302274480462074280e-02
2.536990121006965637e-02
2.724692784249782562e-02
2.834118530154228210e-02
2.849954925477504730e-02
2.775266766548156738e-02
2.629579231142997742e-02
2.443167567253112793e-02
2.249001711606979370e-02
2.074306085705757141e-02
1.933741196990013123e-02
1.825740747153759003e-02
1.732835546135902405e-02
1.625795289874076843e-02
1.470652036368846893e-02
1.237038336694240570e-02
9.060099720954895020e-03
4.757060203701257706e-03
-3.642633673734962940e-04
-5.954091437160968781e-03
-1.154307555407285690e-02
-1.662601158022880554e-02
-2.075739949941635132e-02
-2.363914623856544495e-02
-2.518122270703315735e-02
-2.552094496786594391e-02
-2.499521896243095398e-02
-2.407044544816017151e-02
-2.324461564421653748e-02
-2.294275350868701935e-02
-2.342839911580085754e-02
-2.475006319582462311e-02
-2.673330344259738922e-02
-2.901887334883213043e-02
-3.113770484924316406e-02
-3.260571509599685669e-02
-3.301894664764404297e-02
-3.212990239262580872e-02
-2.989106252789497375e-02
-2.645855769515037537e-02
-2.215716615319252014e-02
-1.741486229002475739e-02
-1.268090028315782547e-02
-8.343702182173728943e-03
-4.664167761802673340e-03
-1.736567937768995762e-03
5.164965987205505371e-04
2.315230667591094971e-03
3.966019954532384872e-03
5.788220558315515518e-03
8.038033731281757355e-03
1.084383856505155563e-02
1.416516862809658051e-02
1.778398640453815460e-02
2.133128419518470764e-02
2.434607595205307007e-02
2.635745331645011902e-02
2.697559632360935211e-02
2.597453631460666656e-02
2.334980107843875885e-02
1.933789625763893127e-02
1.439073961228132248e-02
9.107375517487525940e-03
4.133836831897497177e-03
4.955083204549737275e-05
-2.737562404945492744e-03
-4.065691027790307999e-03
-4.047417547553777695e-03
-3.044720040634274483e-03
-1.595364534296095371e-03
-3.050520899705588818e-04
2.723500074353069067e-04
-2.576514962129294872e-04
-2.055954886600375175e-03
-5.022464785724878311e-03
-8.818645961582660675e-03
-1.293313689529895782e-02
-1.677574589848518372e-02
-1.978091895580291748e-02
-2.150200866162776947e-02
-2.168120071291923523e-02
-2.028511278331279755e-02
-1.750249788165092468e-02
-1.370578445494174957e-02
-9.383219294250011444e-03
-5.052283406257629395e-03
-1.167903887107968330e-03
1.958680106326937675e-03
4.215203225612640381e-03
5.704988725483417511e-03
6.718614604324102402e-03
7.663054857403039932e-03
8.960601873695850372e-03
1.093820016831159592e-02
1.373247615993022919e-02
1.723362505435943604e-02
2.108422294259071350e-02
2.473606169223785400e-02
2.755478024482727051e-02
2.894970215857028961e-02
2.850021794438362122e-02
2.605043351650238037e-02
2.175153978168964386e-02
1.604327373206615448e-02
9.579625912010669708e-03
3.115624189376831055e-03
-2.621695399284362793e-03
-7.053227629512548447e-03
-9.837828576564788818e-03
-1.091896928846836090e-02
-1.052262168377637863e-02
-9.109308011829853058e-03
-7.289642002433538437e-03
-5.717538297176361084e-03
-4.977877251803874969e-03
-5.486388690769672394e-03
-7.417517714202404022e-03
-1.067269593477249146e-02
-1.489485334604978561e-02
-1.952799223363399506e-02
-2.391245029866695404e-02
-2.740006521344184875e-02
-2.946856059134006500e-02
-2.981371246278285980e-02
-2.840065397322177887e-02
-2.546284720301628113e-02
-2.144751884043216705e-02
-1.691790111362934113e-02
-1.243320386856794357e-02
-8.433155715465545654e-03
-5.154167301952838898e-03
-2.596862614154815674e-03
-5.523711442947387695e-04
1.320466399192810059e-03
3.387835575267672539e-03
5.932499654591083527e-03
9.072271175682544708e-03
1.272594369947910309e-02
1.663308031857013702e-02
2.041944302618503571e-02
2.368804067373275757e-02
2.611026726663112640e-02
2.749379351735115051e-02
2.781244181096553802e-02
2.719499543309211731e-02
2.588058635592460632e-02
2.415605261921882629e-02
2.229267172515392303e-02
2.049663476645946503e-02
1.888199895620346069e-02
1.746749691665172577e-02
1.619304344058036804e-02
1.494837272912263870e-02
1.360543258488178253e-02
1.204768009483814240e-02
1.019210647791624069e-02
8.002171292901039124e-03
5.491910967975854874e-03
2.722319914028048515e-03
-2.084240259137004614e-04
-3.179466817528009415e-03
-6.064404733479022980e-03
-8.748872205615043640e-03
-1.114558428525924683e-02
-1.320419274270534515e-02
-1.491410005837678909e-02
-1.629975438117980957e-02
-1.740981265902519226e-02
-1.830236054956912994e-02
-1.902945525944232941e-02
-1.962363719940185547e-02
-2.008867450058460236e-02
-2.039610594511032104e-02
-2.048840932548046112e-02
-2.028902992606163025e-02
-1.971818879246711731e-02
-1.871227473020553589e-02
-1.724300719797611237e-02
-1.533172838389873505e-02
-1.305435877293348312e-02
-1.053381152451038361e-02
-7.920054718852043152e-03
-5.361019168049097061e-03
-2.970828209072351456e-03
-8.034870261326432228e-04
1.160384737886488438e-03
3.009332809597253799e-03
4.878926090896129608e-03
6.916441023349761963e-03
9.240554645657539368e-03
1.190563291311264038e-02
1.487885136157274246e-02
1.803515106439590454e-02
2.117031253874301910e-02
2.402907237410545349e-02
2.634232304990291595e-02
2.786719240248203278e-02
2.842375263571739197e-02
2.792395278811454773e-02
2.638863399624824524e-02
2.394988946616649628e-02
