-2.000000029802322388e-01
-1.992509067058563232e-01
-1.970141828060150146e-01
-1.933212280273437500e-01
-1.882228404283523560e-01
-1.817873716354370117e-01
-1.740982979536056519e-01
-1.652512103319168091e-01
-1.553509533405303955e-01
-1.445085704326629639e-01
-1.328384876251220703e-01
-1.204562634229660034e-01
-1.074766516685485840e-01
-9.401230514049530029e-02
-8.017300069332122803e-02
-6.606538593769073486e-02
-5.179309099912643433e-02
-3.745711594820022583e-02
-2.315631881356239319e-02
-8.987896144390106201e-03
4.952398128807544708e-03
1.857012510299682617e-02
3.177256137132644653e-02
4.446931928396224976e-02
5.657335370779037476e-02
6.800221651792526245e-02
7.867949455976486206e-02
8.853630721569061279e-02
9.751273691654205322e-02
1.055591702461242676e-01
1.126372367143630981e-01
1.187205761671066284e-01
1.237950697541236877e-01
1.278587430715560913e-01
1.309212446212768555e-01
1.330031156539916992e-01
1.341345310211181641e-01
1.343540847301483154e-01
1.337072402238845825e-01
1.322449147701263428e-01
1.300220191478729248e-01
1.270962208509445190e-01
1.235266178846359253e-01
1.193729192018508911e-01
1.146946325898170471e-01
1.095506325364112854e-01
1.039987355470657349e-01
9.809564054012298584e-02
9.189686179161071777e-02
8.545677363872528076e-02
7.882879674434661865e-02
7.206531614065170288e-02
6.521782279014587402e-02
5.833678320050239563e-02
5.147142335772514343e-02
4.466940835118293762e-02
3.797645121812820435e-02
3.143567964434623718e-02
2.508708275854587555e-02
1.896691136062145233e-02
1.310700178146362305e-02
7.534283213317394257e-03
2.270370721817016602e-03
-2.668705536052584648e-03
-7.272555027157068253e-03
-1.153631508350372314e-02
-1.546025741845369339e-02
-1.904934458434581757e-02
-2.231249026954174042e-02
-2.526179514825344086e-02
-2.791172266006469727e-02
-3.027822449803352356e-02
-3.237792849540710449e-02
-3.422749042510986328e-02
-3.584298864006996155e-02
-3.723955899477005005e-02
-3.843114525079727173e-02
-3.943046554923057556e-02
-4.024909809231758118e-02
-4.089764878153800964e-02
-4.138609021902084351e-02
-4.172400385141372681e-02
-4.192088916897773743e-02
-4.198641330003738403e-02
-4.193057864904403687e-02
-4.176378995180130005e-02
-4.149688035249710083e-02
-4.114099219441413879e-02
-4.070744663476943970e-02
-4.020757600665092468e-02
-3.965247422456741333e-02
-3.905276209115982056e-02
-3.841840475797653198e-02
-3.775843977928161621e-02
-3.708078712224960327e-02
-3.639204427599906921e-02
-3.569721430540084839e-02
-3.499951213598251343e-02
-3.430013731122016907e-02
-3.359807282686233521e-02
-3.288988396525382996e-02
-3.216966241598129272e-02
-3.142899274826049805e-02
-3.065714798867702484e-02
-2.984136715531349182e-02
-2.896733209490776062e-02
-2.801989577710628510e-02
-2.698388695716857910e-02
-2.584506571292877197e-02
-2.459114976227283478e-02
-2.321280352771282196e-02
-2.170453034341335297e-02
-2.006542123854160309e-02
-1.829952374100685120e-02
-1.641603931784629822e-02
-1.442900113761425018e-02
-1.235670596361160278e-02
-1.022072881460189819e-02
-8.044657297432422638e-03
-5.852708127349615097e-03
-3.668162273243069649e-03
-1.511962735094130039e-03
5.986198666505515575e-04
2.650934504345059395e-03
4.637523088604211807e-03
6.556345615535974503e-03
8.410386741161346436e-03
1.020693033933639526e-02
1.195643283426761627e-02
1.367112435400485992e-02
1.536345481872558594e-02
1.704454049468040466e-02
1.872278004884719849e-02
2.040270157158374786e-02
2.208419702947139740e-02
2.376218326389789581e-02
2.542676404118537903e-02
2.706378698348999023e-02
2.865582704544067383e-02
3.018345870077610016e-02
3.162673115730285645e-02
3.296670317649841309e-02
3.418684750795364380e-02
3.527436405420303345e-02
3.622109442949295044e-02
3.702412173151969910e-02
3.768594563007354736e-02
3.821422904729843140e-02
3.862117975950241089e-02
3.892255946993827820e-02
3.913646936416625977e-02
3.928202390670776367e-02
3.937792778015136719e-02
3.944110870361328125e-02
3.948552533984184265e-02
3.952120617032051086e-02
3.955339640378952026e-02
3.958224132657051086e-02
3.960248827934265137e-02
3.960358351469039917e-02
3.956998512148857117e-02
3.948169201612472534e-02
3.931480273604393005e-02
3.904239460825920105e-02
3.863536193966865540e-02
3.806333988904953003e-02
3.729582950472831726e-02
3.630321100354194641e-02
3.505791351199150085e-02
3.353553265333175659e-02
3.171606361865997314e-02
2.958490885794162750e-02
2.713394165039062500e-02
2.436230890452861786e-02
2.127705514430999756e-02
1.789340749382972717e-02
1.423476636409759521e-02
1.033232174813747406e-02
6.224231328815221786e-03
1.954536186531186104e-03
-2.428294625133275986e-03
-6.873031146824359894e-03
-1.132747530937194824e-02
-1.574028469622135162e-02
-2.006267569959163666e-02
-2.424999885261058807e-02
-2.826289460062980652e-02
-3.206821531057357788e-02
-3.563947603106498718e-02
-3.895687311887741089e-02
-4.200698807835578918e-02
-4.478206485509872437e-02
-4.727910086512565613e-02
-4.949870705604553223e-02
-5.144391581416130066e-02
-5.311904102563858032e-02
-5.452855676412582397e-02
-5.567628890275955200e-02
-5.656478926539421082e-02
-5.719487741589546204e-02
-5.756569653749465942e-02
-5.767481401562690735e-02
-5.751864984631538391e-02
-5.709306150674819946e-02
-5.639405921101570129e-02
-5.541851371526718140e-02
-5.416491627693176270e-02
-5.263398215174674988e-02
-5.082919448614120483e-02
-4.875710606575012207e-02
-4.642756655812263489e-02
-4.385367780923843384e-02
-4.105166718363761902e-02
-3.804054111242294312e-02
-3.484172746539115906e-02
-3.147860243916511536e-02
-2.797599509358406067e-02
-2.435973659157752991e-02
-2.065618708729743958e-02
-1.689182221889495850e-02
-1.309286337345838547e-02
-9.284950792789459229e-03
-5.492837633937597275e-03
-1.740114414133131504e-03
1.951086567714810371e-03
5.560299847275018692e-03
9.069038555026054382e-03
1.246093679219484329e-02
1.572197675704956055e-02
1.884054020047187805e-02
2.180747501552104950e-02
2.461595274507999420e-02
2.726129256188869476e-02
2.974063716828823090e-02
3.205250948667526245e-02
3.419636562466621399e-02
3.617206215858459473e-02
3.797931596636772156e-02
3.961727768182754517e-02
4.108412936329841614e-02
4.237694665789604187e-02
4.349151998758316040e-02
4.442254081368446350e-02
4.516375064849853516e-02
4.570836946368217468e-02
4.604954272508621216e-02
4.618079215288162231e-02
4.609658569097518921e-02
4.579268023371696472e-02
4.526665061712265015e-02
4.451795667409896851e-02
4.354827851057052612e-02
4.236142709851264954e-02
4.096324369311332703e-02
3.936156630516052246e-02
3.756584972143173218e-02
3.558703139424324036e-02
3.343715146183967590e-02
3.112923540174961090e-02
2.867706492543220520e-02
2.609502151608467102e-02
2.339809201657772064e-02
2.060186490416526794e-02
1.772257313132286072e-02
1.477724500000476837e-02
1.178379356861114502e-02
8.761127479374408722e-03
5.729225464165210724e-03
2.709072781726717949e-03
-2.774953900370746851e-04
-3.208012785762548447e-03
-6.059872917830944061e-03
-8.810857310891151428e-03
-1.143974997103214264e-02
-1.392713747918605804e-02
-1.625609956681728363e-02
-1.841291412711143494e-02
-2.038760110735893250e-02
-2.217434532940387726e-02
-2.377163432538509369e-02
-2.518214844167232513e-02
-2.641238644719123840e-02
-2.747204899787902832e-02
-2.837317064404487610e-02
-2.912917174398899078e-02
-2.975377812981605530e-02
-3.025997243821620941e-02
-3.065912052989006042e-02
-3.096018359065055847e-02
-3.116923198103904724e-02
-3.128931671380996704e-02
-3.132044151425361633e-02
-3.126007318496704102e-02
-3.110370598733425140e-02
-3.084570728242397308e-02
-3.048024699091911316e-02
-3.000221773982048035e-02
-2.940816245973110199e-02
-2.869695797562599182e-02
-2.787036076188087463e-02
-2.693327143788337708e-02
-2.589369378983974457e-02
-2.476243302226066589e-02
-2.355261147022247314e-02
-2.227887324988842010e-02
-2.095661312341690063e-02
-1.960110478103160858e-02
-1.822668127715587616e-02
-1.684609055519104004e-02
-1.546999253332614899e-02
-1.410672813653945923e-02
-1.276232115924358368e-02
-1.144069619476795197e-02
-1.014407910406589508e-02
-8.873577229678630829e-03
-7.629743311554193497e-03
-6.413197610527276993e-03
-5.225093569606542587e-03
-4.067526664584875107e-03
-2.943687140941619873e-03
-1.857832074165344238e-03
-8.151024812832474709e-04
1.788571535144001245e-04
1.118384301662445068e-03
1.998345600441098213e-03
2.814714564010500908e-03
3.565076040104031563e-03
4.248999059200286865e-03
4.868337418884038925e-03
5.427287425845861435e-03
5.932358093559741974e-03
6.392057053744792938e-03
6.816513836383819580e-03
7.216905243694782257e-03
7.604846265166997910e-03
7.991664111614227295e-03
8.387739770114421844e-03
8.801797404885292053e-03
9.240356273949146271e-03
9.707309305667877197e-03
1.020361296832561493e-02
1.072718668729066849e-02
1.127303857356309891e-02
1.183358300477266312e-02
1.239908300340175629e-02
1.295836269855499268e-02
1.349951885640621185e-02
1.401077024638652802e-02
1.448122598230838776e-02
1.490169577300548553e-02
1.526525616645812988e-02
1.556769199669361115e-02
1.580771431326866150e-02
1.598693802952766418e-02
1.610956713557243347e-02
1.618189550936222076e-02
1.621160469949245453e-02
1.620694063603878021e-02
1.617573760449886322e-02
1.612458005547523499e-02
1.605792157351970673e-02
1.597743667662143707e-02
1.588155515491962433e-02
1.576524041593074799e-02
1.562006026506423950e-02
1.543452311307191849e-02
1.519470661878585815e-02
1.488505024462938309e-02
1.448936201632022858e-02
1.399185787886381149e-02
1.337830256670713425e-02
1.263700891286134720e-02
1.175975985825061798e-02
1.074254233390092850e-02
9.586053900420665741e-03
8.295975625514984131e-03
6.882946006953716278e-03
5.362309515476226807e-03
3.753720317035913467e-03
2.080391393974423409e-03
3.683686372824013233e-04
-1.354441046714782715e-03
-3.059200942516326904e-03
-4.717198200523853302e-03
-6.300759501755237579e-03
-7.784294895827770233e-03
-9.145125746726989746e-03
-1.036432851105928421e-02
-1.142734009772539139e-02
-1.232455112040042877e-02
-1.305164210498332977e-02
-1.360969711095094681e-02
-1.400516368448734283e-02
-1.424957346171140671e-02
-1.435896940529346466e-02
-1.435315050184726715e-02
-1.425473950803279877e-02
-1.408805977553129196e-02
-1.387794315814971924e-02
-1.364851556718349457e-02
-1.342202909290790558e-02
-1.321779936552047729e-02
-1.305136270821094513e-02
-1.293381769210100174e-02
-1.287150941789150238e-02
-1.286592893302440643e-02
-1.291390974074602127e-02
-1.300811022520065308e-02
-1.313765812665224075e-02
-1.328897010535001755e-02
-1.344663463532924652e-02
-1.359438616782426834e-02
-1.371593773365020752e-02
-1.379583589732646942e-02
-1.382008939981460571e-02
-1.377669535577297211e-02
-1.365595590323209763e-02
-1.345066167414188385e-02
-1.315600145608186722e-02
-1.276948582381010056e-02
-1.229059696197509766e-02
-1.172048877924680710e-02
-1.106157340109348297e-02
-1.031713932752609253e-02
-9.491039440035820007e-03
-8.587357588112354279e-03
-7.610279135406017303e-03
-6.564016453921794891e-03
-5.452792160212993622e-03
-4.281016997992992401e-03
-3.053505672141909599e-03
-1.775754964910447598e-03
-4.542231617961078882e-04
9.033173555508255959e-04
2.287572715431451797e-03
3.687471151351928711e-03
5.090211518108844757e-03
6.481190212070941925e-03
7.844338193535804749e-03
9.162386879324913025e-03
1.041739992797374725e-02
1.159139256924390793e-02
1.266702264547348022e-02
1.362827979028224945e-02
1.446122117340564728e-02
1.515462063252925873e-02
1.570046693086624146e-02
1.609434559941291809e-02
1.633561030030250549e-02
1.642735488712787628e-02
1.637614890933036804e-02
1.619159989058971405e-02
1.588578522205352783e-02
1.547247357666492462e-02
1.496638171374797821e-02
1.438241638243198395e-02
1.373493112623691559e-02
1.303718518465757370e-02
1.230090670287609100e-02
1.153606362640857697e-02
1.075086183845996857e-02
9.951871819794178009e-03
9.144338779151439667e-03
8.332578465342521667e-03
7.520379032939672470e-03
6.711436901241540909e-03
5.909666419029235840e-03
5.119377281516790390e-03
4.345339722931385040e-03
3.592680441215634346e-03
2.866585506126284599e-03
2.171984408050775528e-03
1.513060880824923515e-03
8.928120369091629982e-04
3.126367810182273388e-04
-2.279981999890878797e-04
-7.317468407563865185e-04
-1.203425228595733643e-03
-1.649874495342373848e-03
-2.079647732898592949e-03
-2.502590417861938477e-03
-2.929241862148046494e-03
-3.370219375938177109e-03
-3.835552837699651718e-03
-4.334004130214452744e-03
-4.872490651905536652e-03
-5.455554928630590439e-03
-6.084968335926532745e-03
-6.759440992027521133e-03
-7.474504411220550537e-03
-8.222480304539203644e-03
-8.992644026875495911e-03
-9.771476499736309052e-03
-1.054302323609590530e-02
-1.128943543881177902e-02
-1.199148315936326981e-02
-1.262930035591125488e-02
-1.318304706364870071e-02
-1.363370008766651154e-02
-1.396389771252870560e-02
-1.415861118584871292e-02
-1.420595496892929077e-02
-1.409778930246829987e-02
-1.383019983768463135e-02
-1.340388506650924683e-02
-1.282422710210084915e-02
-1.210127584636211395e-02
-1.124936342239379883e-02
-1.028661429882049561e-02
-9.234182536602020264e-03
-8.115364238619804382e-03
-6.954559590667486191e-03
-5.776186473667621613e-03
-4.603614099323749542e-03
-3.458122955635190010e-03
-2.358004450798034668e-03
-1.317821443080902100e-03
-3.478661237750202417e-04
5.461171385832130909e-04
1.363037503324449062e-03
2.106253756210207939e-03
2.783180680125951767e-03
3.404648508876562119e-03
3.984187729656696320e-03
4.537081811577081680e-03
5.079398863017559052e-03
5.626985337585210800e-03
6.194490008056163788e-03
6.794464774429798126e-03
7.436516694724559784e-03
8.126787841320037842e-03
8.867425844073295593e-03
9.656483307480812073e-03
1.048784423619508743e-02
1.135155372321605682e-02
1.223426871001720428e-02
1.311990804970264435e-02
1.399046182632446289e-02
1.482688356190919876e-02
1.561004854738712311e-02
1.632161438465118408e-02
1.694489270448684692e-02
1.746553741395473480e-02
1.787206903100013733e-02
1.815621554851531982e-02
1.831300556659698486e-02
1.834071613848209381e-02
1.824060641229152679e-02
1.801649481058120728e-02
1.767425797879695892e-02
1.722123287618160248e-02
1.666564866900444031e-02
1.601608470082283020e-02
1.528098993003368378e-02
1.446827314794063568e-02
1.358509529381990433e-02
1.263768039643764496e-02
1.163135003298521042e-02
1.057057641446590424e-02
9.459132328629493713e-03
8.300403133034706116e-03
7.097588386386632919e-03
5.854043178260326385e-03
4.573516547679901123e-03
3.260433673858642578e-03
1.920045935548841953e-03
5.585625767707824707e-04
-8.167728665284812450e-04
-2.197773661464452744e-03
-3.575360868126153946e-03
-4.939821548759937286e-03
-6.280952598899602890e-03
-7.588454987853765488e-03
-8.852166123688220978e-03
-1.006245147436857224e-02
-1.121046580374240875e-02
-1.228845119476318359e-02
-1.328999828547239304e-02
-1.421019900590181351e-02
-1.504575461149215698e-02
-1.579499058425426483e-02
-1.645781286060810089e-02
-1.703553833067417145e-02
-1.753067784011363983e-02
-1.794669032096862793e-02
-1.828761026263237000e-02
-1.855772174894809723e-02
-1.876120641827583313e-02
-1.890183985233306885e-02
-1.898269914090633392e-02
-1.900594122707843781e-02
-1.897269859910011292e-02
-1.888301037251949310e-02
-1.873584464192390442e-02
-1.852920465171337128e-02
-1.826028339564800262e-02
-1.792569831013679504e-02
-1.752167753875255585e-02
-1.704440079629421234e-02
-1.649018749594688416e-02
-1.585579849779605865e-02
-1.513864658772945404e-02
-1.433709822595119476e-02
-1.345058064907789230e-02
-1.247979421168565750e-02
-1.142680365592241287e-02
-1.029514521360397339e-02
-9.089793078601360321e-03
-7.817143574357032776e-03
-6.484873592853546143e-03
-5.101798567920923233e-03
-3.677655709907412529e-03
-2.222829964011907578e-03
-7.481485372409224510e-04
7.354259723797440529e-04
2.216966357082128525e-03
3.685761941596865654e-03
5.131403915584087372e-03
6.543867290019989014e-03
7.913433015346527100e-03
9.230652824044227600e-03
1.048624794930219650e-02
1.167096756398677826e-02
1.277555245906114578e-02
1.379068475216627121e-02
1.470694225281476974e-02
1.551492232829332352e-02
1.620535366237163544e-02
1.676926389336585999e-02
1.719819754362106323e-02
1.748445630073547363e-02
1.762134768068790436e-02
1.760340295732021332e-02
1.742663979530334473e-02
1.708870008587837219e-02
1.658908277750015259e-02
1.592927984893321991e-02
1.511290855705738068e-02
1.414581201970577240e-02
1.303615979850292206e-02
1.179444510489702225e-02
1.043346244841814041e-02
8.968208916485309601e-03
7.415655069053173065e-03
5.794487893581390381e-03
4.124665167182683945e-03
2.426940249279141426e-03
7.222548010759055614e-04
-9.688601130619645119e-04
-2.626951085403561592e-03
-4.234232008457183838e-03
-5.775134079158306122e-03
-7.236740086227655411e-03
-8.608986623585224152e-03
-9.884831495583057404e-03
-1.106009352952241898e-02
-1.213314943015575409e-02
-1.310449279844760895e-02
-1.397613156586885452e-02
-1.475083548575639725e-02
-1.543140690773725510e-02
-1.601997204124927521e-02
-1.651720516383647919e-02
-1.692187972366809845e-02
-1.723038032650947571e-02
-1.743656769394874573e-02
-1.753176376223564148e-02
-1.750506088137626648e-02
-1.734374463558197021e-02
-1.703402958810329437e-02
-1.656185835599899292e-02
-1.591389253735542297e-02
-1.507849711924791336e-02
-1.404672395437955856e-02
-1.281327754259109497e-02
-1.137728709727525711e-02
-9.742895141243934631e-03
-7.919659838080406189e-03
-5.922702141106128693e-03
-3.772506024688482285e-03
-1.494555152021348476e-03
8.813634631223976612e-04
3.322042524814605713e-03
5.791953299194574356e-03
8.254451677203178406e-03
1.067308150231838226e-02
1.301285810768604279e-02
1.524149905890226364e-02
1.733053848147392273e-02
1.925620622932910919e-02
2.100004814565181732e-02
2.254929021000862122e-02
2.389683574438095093e-02
2.504094317555427551e-02
2.598462067544460297e-02
2.673471532762050629e-02
2.730090543627738953e-02
2.769448980689048767e-02
2.792717888951301575e-02
2.801004052162170410e-02
2.795252203941345215e-02
2.776175178587436676e-02
2.744208648800849915e-02
2.699502743780612946e-02
2.641932107508182526e-02
2.571142278611660004e-02
2.486609667539596558e-02
2.387715317308902740e-02
2.273829840123653412e-02
2.144390344619750977e-02
1.998976990580558777e-02
1.837372407317161560e-02
1.659615151584148407e-02
1.466028578579425812e-02
1.257245242595672607e-02
1.034214906394481659e-02
7.982023060321807861e-03
5.507795605808496475e-03
2.938120160251855850e-03
2.943754079751670361e-04
-2.399586141109466553e-03
-5.117696709930896759e-03
-7.832147181034088135e-03
-1.051374245434999466e-02
-1.313253957778215408e-02
-1.565844379365444183e-02
-1.806195080280303955e-02
-2.031490579247474670e-02
-2.239129506051540375e-02
-2.426797524094581604e-02
-2.592530846595764160e-02
-2.734770253300666809e-02
-2.852386608719825745e-02
-2.944696508347988129e-02
-3.011444769799709320e-02
-3.052770532667636871e-02
-3.069151006639003754e-02
-3.061338141560554504e-02
-3.030275739729404449e-02
-2.977030538022518158e-02
-2.902720496058464050e-02
-2.808459475636482239e-02
-2.695324644446372986e-02
-2.564339712262153625e-02
-2.416484057903289795e-02
-2.252722345292568207e-02
-2.074050344526767731e-02
-1.881544478237628937e-02
-1.676424220204353333e-02
-1.460098940879106522e-02
-1.234204322099685669e-02
-1.000630110502243042e-02
-7.615071721374988556e-03
-5.191847681999206543e-03
-2.761794719845056534e-03
-3.510326205287128687e-04
2.014163183048367500e-03
4.308340139687061310e-03
6.507711019366979599e-03
8.591011166572570801e-03
1.054015010595321655e-02
1.234066765755414963e-02
1.398197747766971588e-02
1.545733679085969925e-02
1.676358468830585480e-02
1.790071651339530945e-02
1.887123286724090576e-02
1.967952027916908264e-02
2.033108659088611603e-02
2.083189412951469421e-02
2.118783071637153625e-02
2.140417881309986115e-02
2.148543111979961395e-02
2.143510989844799042e-02
2.125586196780204773e-02
2.094965241849422455e-02
2.051811292767524719e-02
1.996293291449546814e-02
1.928632147610187531e-02
1.849146932363510132e-02
1.758297160267829895e-02
1.656718552112579346e-02
1.545247994363307953e-02
1.424944959580898285e-02
1.297083031386137009e-02
1.163154840469360352e-02
1.024837233126163483e-02
8.839647285640239716e-03
7.424840237945318222e-03
6.023992784321308136e-03
4.657185170799493790e-03
3.343883203342556953e-03
2.102284226566553116e-03
9.487658971920609474e-04
-1.027345642796717584e-04
-1.041240990161895752e-03
-1.859094249084591866e-03
-2.552400575950741768e-03
-3.121143672615289688e-03
-3.569275140762329102e-03
-3.904706332832574844e-03
-4.139004740864038467e-03
-4.287053830921649933e-03
-4.366506822407245636e-03
-4.397006239742040634e-03
-4.399326629936695099e-03
-4.394388291984796524e-03
-4.402084741741418839e-03
-4.440174903720617294e-03
-4.523101262748241425e-03
-4.660956561565399170e-03
-4.858651664108037949e-03
-5.115255713462829590e-03
-5.423727445304393768e-03
-5.771043710410594940e-03
-6.138703320175409317e-03
-6.503620650619268417e-03
-6.839467678219079971e-03
-7.118284702301025391e-03
-7.312241010367870331e-03
-7.395614869892597198e-03
-7.346617989242076874e-03
-7.149091456085443497e-03
-6.793889217078685760e-03
-6.279876921325922012e-03
-5.614376161247491837e-03
-4.813177976757287979e-03
-3.899893257766962051e-03
-2.904945518821477890e-03
-1.864026533439755440e-03
-8.162364247255027294e-04
1.979306398425251245e-04
1.138702034950256348e-03
1.969143748283386230e-03
2.656927797943353653e-03
3.175969468429684639e-03
3.507503774017095566e-03
3.640764858573675156e-03
3.573225345462560654e-03
3.310252679511904716e-03
2.864412963390350342e-03
2.254317747429013252e-03
1.503279781900346279e-03
6.376818055287003517e-04
-3.145903465338051319e-04
-1.325808465480804443e-03
-2.369815018028020859e-03
-3.423255635425448418e-03
-4.466475453227758408e-03
-5.484116263687610626e-03
-6.465294864028692245e-03
-7.403475232422351837e-03
-8.295992389321327209e-03
-9.143282659351825714e-03
-9.947973303496837616e-03
-1.071378588676452637e-02
-1.144442893564701080e-02
-1.214259676635265350e-02
-1.280906982719898224e-02
-1.344199012964963913e-02
-1.403651852160692215e-02
-1.458466611802577972e-02
-1.507550291717052460e-02
-1.549563556909561157e-02
-1.582985930144786835e-02
-1.606209948658943176e-02
-1.617629267275333405e-02
-1.615748554468154907e-02
-1.599264889955520630e-02
-1.567156426608562469e-02
-1.518734265118837357e-02
-1.453689206391572952e-02
-1.372100692242383957e-02
-1.274430286139249802e-02
-1.161491870880126953e-02
-1.034410484135150909e-02
-8.945593610405921936e-03
-7.435004226863384247e-03
-5.829223897308111191e-03
-4.145753569900989532e-03
-2.402201294898986816e-03
-6.158739561215043068e-04
1.196576631627976894e-03
3.019316587597131729e-03
4.837398417294025421e-03
6.636789534240961075e-03
8.404192514717578888e-03
1.012692879885435104e-02
1.179271657019853592e-02
1.338946074247360229e-02
1.490507740527391434e-02
1.632731594145298004e-02
1.764377020299434662e-02
1.884184591472148895e-02
1.990893110632896423e-02
2.083266898989677429e-02
2.160132303833961487e-02
2.220428362488746643e-02
2.263261750340461731e-02
2.287964895367622375e-02
2.294157817959785461e-02
2.281794324517250061e-02
2.251205965876579285e-02
2.203116379678249359e-02
2.138639613986015320e-02
2.059254795312881470e-02
1.966745965182781219e-02
1.863124594092369080e-02
1.750532537698745728e-02
1.631128229200839996e-02
1.506967563182115555e-02
1.379895489662885666e-02
1.251448504626750946e-02
1.122777629643678665e-02
9.946095757186412811e-03
8.672351948916912079e-03
7.405427284538745880e-03
6.140737328678369522e-03
4.871186800301074982e-03
3.588254796341061592e-03
2.283196197822690010e-03
9.482383611612021923e-04
-4.223555442877113819e-04
-1.831397414207458496e-03
-3.278206335380673409e-03
-4.758334252983331680e-03
-6.263589952141046524e-03
-7.782348897308111191e-03
-9.300187230110168457e-03
-1.080049388110637665e-02
-1.226537488400936127e-02
-1.367638725787401199e-02
-1.501531898975372314e-02
-1.626481860876083374e-02
-1.740888133645057678e-02
-1.843320578336715698e-02
-1.932544074952602386e-02
-2.007525786757469177e-02
-2.067449316382408142e-02
-2.111708931624889374e-02
-2.139913849532604218e-02
-2.151888236403465271e-02
-2.147672511637210846e-02
-2.127519622445106506e-02
-2.091895416378974915e-02
-2.041463553905487061e-02
-1.977071538567543030e-02
-1.899717934429645538e-02
-1.810519769787788391e-02
-1.710663735866546631e-02
-1.601358130574226379e-02
-1.483777165412902832e-02
-1.359011791646480560e-02
-1.228026766330003738e-02
-1.091630570590496063e-02
-9.504565969109535217e-03
-8.049666881561279297e-03
-6.554661784321069717e-03
-5.021393299102783203e-03
-3.450948046520352364e-03
-1.844210899434983730e-03
-2.025008143391460180e-04
1.471835421398282051e-03
3.174826502799987793e-03
4.900407977402210236e-03
6.640023086220026016e-03
8.382374420762062073e-03
1.011333800852298737e-02
1.181607693433761597e-02
1.347119919955730438e-02
1.505720429122447968e-02
1.655097492039203644e-02
1.792845502495765686e-02
1.916536316275596619e-02
2.023800089955329895e-02
2.112413942813873291e-02
2.180380001664161682e-02
2.226008102297782898e-02
2.247988060116767883e-02
2.245447784662246704e-02
2.218003571033477783e-02
2.165786176919937134e-02
2.089451998472213745e-02
1.990183815360069275e-02
1.869654841721057892e-02
1.729994453489780426e-02
1.573728397488594055e-02
1.403706334531307220e-02
1.223026495426893234e-02
1.034942734986543655e-02
8.427767083048820496e-03
6.498227827250957489e-03
4.592607729136943817e-03
2.740696072578430176e-03
9.695306653156876564e-04
-6.972670671530067921e-04
-2.239982830360531807e-03
-3.643177449703216553e-03
-4.895878024399280548e-03
-5.991605110466480255e-03
