-2.000000029802322388e-01
-2.990090847015380859e-02
-4.151978343725204468e-02
-2.933562360703945160e-02
-6.517785601317882538e-03
-6.077536847442388535e-03
6.670564413070678711e-03
2.462076954543590546e-02
-3.798690391704440117e-03
3.387835575267672539e-03
2.193191275000572205e-02
-8.391259238123893738e-03
1.031356118619441986e-02
1.475549302995204926e-02
-1.547826640307903290e-02
-4.704892489826306701e-05
9.195506572723388672e-05
3.547438234090805054e-02
2.277847193181514740e-02
-2.258607652038335800e-03
1.016145013272762299e-02
1.529605686664581299e-02
6.009660661220550537e-03
2.141546085476875305e-02
8.263371884822845459e-03
1.093142013996839523e-02
2.926149871200323105e-03
-2.219239622354507446e-02
1.778148114681243896e-03
-6.017823703587055206e-03
-1.244485192000865936e-02
-4.066881723701953888e-03
-1.623252779245376587e-02
9.073892608284950256e-03
1.758477464318275452e-02
-1.597687974572181702e-02
-7.893833331763744354e-03
9.466174058616161346e-03
1.726881787180900574e-02
-6.488412618637084961e-04
-1.213928870856761932e-02
-8.500589057803153992e-03
-1.956422254443168640e-02
-1.037027500569820404e-02
-1.256946008652448654e-02
-1.028943527489900589e-02
1.175411045551300049e-03
-2.216146513819694519e-02
5.255802068859338760e-03
1.099959015846252441e-03
1.129226386547088623e-02
1.249634008854627609e-02
-2.271077129989862442e-03
1.014332007616758347e-02
1.577838882803916931e-02
1.345259416848421097e-02
1.639029360376298428e-03
1.126502174884080887e-02
-2.132171206176280975e-02
2.141777239739894867e-02
-1.835010945796966553e-03
1.607520319521427155e-02
4.022193141281604767e-03
-5.985251162201166153e-03
3.541912185028195381e-03
5.381972994655370712e-03
-6.254157517105340958e-03
1.229984126985073090e-02
1.390892080962657928e-02
3.137674881145358086e-03
1.188656664453446865e-03
5.472496151924133301e-03
-2.238568617030978203e-03
1.043603289872407913e-02
1.598121412098407745e-02
7.765857968479394913e-03
8.262154646217823029e-03
-1.834942400455474854e-02
7.685306482017040253e-03
-9.033846668899059296e-03
6.673845462501049042e-03
-4.126527812331914902e-03
-1.640291535295546055e-03
-8.594585582613945007e-03
-2.328473376110196114e-03
7.394522544927895069e-04
2.074461616575717926e-02
6.639473140239715576e-03
-1.282434165477752686e-02
1.005229074507951736e-02
3.448308911174535751e-03
-1.862588152289390564e-02
-4.567839205265045166e-03
-1.138619799166917801e-02
4.093156661838293076e-03
4.756460897624492645e-03
5.953294225037097931e-03
-5.516365054063498974e-04
6.911029107868671417e-03
-2.890159143134951591e-03
