-2.000000029802322388e-01
-2.028605937957763672e-01
-2.098385095596313477e-01
-2.166144549846649170e-01
-2.174987047910690308e-01
-2.072531282901763916e-01
-1.828469038009643555e-01
-1.445750892162322998e-01
-9.613221883773803711e-02
-4.357306286692619324e-02
6.501442287117242813e-03
4.888510704040527344e-02
8.112740516662597656e-02
1.038403064012527466e-01
1.199069395661354065e-01
1.329815834760665894e-01
1.459147483110427856e-01
1.596988737583160400e-01
1.732574701309204102e-01
1.840410232543945312e-01
1.891069710254669189e-01
1.862482726573944092e-01
1.747903078794479370e-01
1.558426171541213989e-01
1.319850385189056396e-01
1.065307036042213440e-01
8.261199295520782471e-02
6.236819550395011902e-02
4.646836593747138977e-02
3.409656509757041931e-02
2.338201366364955902e-02
1.212246902287006378e-02
-1.433189259842038155e-03
-1.798299513757228851e-02
-3.692287951707839966e-02
-5.650967359542846680e-02
-7.437073439359664917e-02
-8.819256722927093506e-02
-9.637029469013214111e-02
-9.841659665107727051e-02
-9.501595050096511841e-02
-8.773662894964218140e-02
-7.853125780820846558e-02
-6.921198219060897827e-02
-6.105903536081314087e-02
-5.463696271181106567e-02
-4.980702325701713562e-02
-4.588098078966140747e-02
-4.186576604843139648e-02
-3.676546737551689148e-02
-2.990090847015380859e-02
-2.117475867271423340e-02
-1.118306349962949753e-02
-1.093742204830050468e-03
7.707762531936168671e-03
1.409870851784944534e-02
1.763954758644104004e-02
1.874976232647895813e-02
1.854435354471206665e-02
1.838198490440845490e-02
1.930941082537174225e-02
2.164306864142417908e-02
2.487304620444774628e-02
2.792861498892307281e-02
2.967768907546997070e-02
2.942829206585884094e-02
2.721158787608146667e-02
2.374206669628620148e-02
2.010597661137580872e-02
1.734348013997077942e-02
1.611174829304218292e-02
1.655044779181480408e-02
1.836324855685234070e-02
2.103637717664241791e-02
2.407419867813587189e-02
2.714958228170871735e-02
3.012397326529026031e-02
3.295816108584403992e-02
3.558184951543807983e-02
3.779958561062812805e-02
3.928247839212417603e-02
3.964672237634658813e-02
3.857836872339248657e-02
3.594965487718582153e-02
3.188558295369148254e-02
2.676356397569179535e-02
2.114536240696907043e-02
1.564759574830532074e-02
1.076826639473438263e-02
6.712274160236120224e-03
3.287246916443109512e-03
-5.818307545268908143e-05
-4.028478171676397324e-03
-9.166928939521312714e-03
-1.556506939232349396e-02
-2.274121716618537903e-02
-2.976660057902336121e-02
-3.560199588537216187e-02
-3.950317576527595520e-02
-4.131473973393440247e-02
-4.151978343725204468e-02
-4.102209955453872681e-02
-4.075603559613227844e-02
-4.129274934530258179e-02
-4.260679334402084351e-02
-4.409096762537956238e-02
-4.479733854532241821e-02
-4.379072785377502441e-02
-4.046958684921264648e-02
-3.474415466189384460e-02
-2.703687548637390137e-02
-1.814135350286960602e-02
-9.009745903313159943e-03
-5.328088882379233837e-04
6.647333502769470215e-03
1.226762961596250534e-02
1.649346388876438141e-02
1.986134797334671021e-02
2.310660481452941895e-02
2.690942957997322083e-02
3.163771703839302063e-02
3.718362376093864441e-02
4.296449944376945496e-02
4.809629917144775391e-02
5.167846754193305969e-02
5.308439210057258606e-02
5.214796587824821472e-02
4.917578026652336121e-02
4.478080198168754578e-02
3.960702940821647644e-02
3.406469151377677917e-02
2.819678746163845062e-02
2.174170874059200287e-02
1.436534058302640915e-02
5.953242070972919464e-03
-3.177216742187738419e-03
-1.224872656166553497e-02
-2.020257338881492615e-02
-2.601972781121730804e-02
-2.906514704227447510e-02
-2.932869829237461090e-02
-2.747204899787902832e-02
-2.465544268488883972e-02
-2.219170145690441132e-02
-2.113601192831993103e-02
-2.194886282086372375e-02
-2.435138449072837830e-02
-2.742898091673851013e-02
-2.995109558105468750e-02
-3.079649806022644043e-02
-2.933562360703945160e-02
-2.563900314271450043e-02
-2.044355683028697968e-02
-1.489218790084123611e-02
-1.013618148863315582e-02
-6.934520788490772247e-03
-5.388364195823669434e-03
-4.908965434879064560e-03
-4.441493656486272812e-03
-2.874189522117376328e-03
5.145266768522560596e-04
5.743886344134807587e-03
1.208150200545787811e-02
1.828236877918243408e-02
2.302460931241512299e-02
2.537127956748008728e-02
2.508134767413139343e-02
2.265901863574981689e-02
1.913732662796974182e-02
1.569136418402194977e-02
1.323130261152982712e-02
1.211898587644100189e-02
1.209359802305698395e-02
1.241128705441951752e-02
1.213226281106472015e-02
1.045134663581848145e-02
6.969171576201915741e-03
1.831060624681413174e-03
-4.299001302570104599e-03
-1.042027957737445831e-02
-1.548601407557725906e-02
-1.872134208679199219e-02
-1.986691728234291077e-02
-1.925687864422798157e-02
-1.769016869366168976e-02
-1.613231375813484192e-02
-1.535707153379917145e-02
-1.566586270928382874e-02
-1.679133437573909760e-02
-1.801583729684352875e-02
-1.845384947955608368e-02
-1.739310845732688904e-02
-1.457806676626205444e-02
-1.034355442970991135e-02
-5.552480928599834442e-03
-1.347473240457475185e-03
1.215541386045515537e-03
1.538033830001950264e-03
-2.760350762400776148e-04
-3.400395857170224190e-03
-6.517785601317882538e-03
-8.235789835453033447e-03
-7.547435350716114044e-03
-4.175335168838500977e-03
1.321731484495103359e-03
7.716217543929815292e-03
1.349425874650478363e-02
1.732383295893669128e-02
1.845631189644336700e-02
1.693740300834178925e-02
1.356819551438093185e-02
9.636093862354755402e-03
6.503812968730926514e-03
5.185602698475122452e-03
6.041499786078929901e-03
8.684040978550910950e-03
1.212607324123382568e-02
1.512291282415390015e-02
1.659899391233921051e-02
1.601946167647838593e-02
1.358059979975223541e-02
1.014868170022964478e-02
6.959021091461181641e-03
5.170988850295543671e-03
5.431574769318103790e-03
7.606586907058954239e-03
1.078764908015727997e-02
1.358806900680065155e-02
1.463264506310224533e-02
1.306670717895030975e-02
8.891703560948371887e-03
2.990745007991790771e-03
-3.177075181156396866e-03
-8.104707114398479462e-03
-1.078573614358901978e-02
-1.106971967965364456e-02
-9.686621837317943573e-03
-7.937875576317310333e-03
-7.185192313045263290e-03
-8.342511951923370361e-03
-1.156136207282543182e-02
-1.620815321803092957e-02
-2.111284807324409485e-02
-2.497363649308681488e-02
-2.676747366786003113e-02
-2.603917196393013000e-02
-2.299987524747848511e-02
-1.842860504984855652e-02
-1.341991871595382690e-02
-9.053587913513183594e-03
-6.077536847442388535e-03
-4.694521427154541016e-03
-4.519446287304162979e-03
-4.728051833808422089e-03
-4.356393124908208847e-03
-2.654272364452481270e-03
6.320253014564514160e-04
5.155764520168304443e-03
1.008975692093372345e-02
1.442843675613403320e-02
1.735251583158969879e-02
1.850778236985206604e-02
1.808693632483482361e-02
1.669346913695335388e-02
1.506504975259304047e-02
1.378940790891647339e-02
1.313087064772844315e-02
1.301636267453432083e-02
1.314905099570751190e-02
1.317248214036226273e-02
1.281088590621948242e-02
1.194584928452968597e-02
1.062454469501972198e-02
9.012942202389240265e-03
7.311867084354162216e-03
5.657084286212921143e-03
4.033604171127080917e-03
2.242404269054532051e-03
-4.819184687221422791e-05
-3.162139561027288437e-03
-7.226012647151947021e-03
-1.201008539646863937e-02
-1.689070835709571838e-02
-2.098868601024150848e-02
-2.346146479249000549e-02
-2.384277805685997009e-02
-2.227756753563880920e-02
-1.952695474028587341e-02
-1.671331189572811127e-02
-1.489674113690853119e-02
-1.465915702283382416e-02
-1.587537676095962524e-02
-1.776826009154319763e-02
-1.921873725950717926e-02
-1.919429935514926910e-02
-1.712122000753879547e-02
-1.306636817753314972e-02
-7.683746516704559326e-03
-1.972083700820803642e-03
3.054525004699826241e-03
6.670564413070678711e-03
8.629888296127319336e-03
9.198496118187904358e-03
9.031264111399650574e-03
8.937863633036613464e-03
9.612105786800384521e-03
1.140704471617937088e-02
1.422161888331174850e-02
1.752940192818641663e-02
2.053849957883358002e-02
2.243492379784584045e-02
2.263777516782283783e-02
2.098741196095943451e-02
1.780191436409950256e-02
1.377370767295360565e-02
9.732211008667945862e-03
6.351736374199390411e-03
3.914654254913330078e-03
2.225968288257718086e-03
7.192388293333351612e-04
-1.284535275772213936e-03
-4.267379641532897949e-03
-8.277967572212219238e-03
-1.286347955465316772e-02
-1.720034703612327576e-02
-2.038005739450454712e-02
-2.174848504364490509e-02
-2.117360755801200867e-02
-1.913671940565109253e-02
-1.660111360251903534e-02
-1.469240523874759674e-02
-1.429614704102277756e-02
-1.571404375135898590e-02
-1.850564777851104736e-02
-2.158221788704395294e-02
-2.353504858911037445e-02
-2.309815958142280579e-02
-1.959155499935150146e-02
-1.318706106394529343e-02
-4.892221186310052872e-03
3.753483295440673828e-03
1.116717327386140823e-02
1.622011139988899231e-02
1.856564730405807495e-02
1.868687197566032410e-02
1.766147837042808533e-02
1.674248464405536652e-02
1.691133901476860046e-02
1.855887100100517273e-02
2.139716409146785736e-02
2.462076954543590546e-02
2.724692784249782562e-02
2.850023843348026276e-02
2.809305116534233093e-02
2.629579231142997742e-02
2.377768605947494507e-02
2.129155211150646210e-02
1.933741196990013123e-02
1.794354990124702454e-02
1.665134355425834656e-02
1.470652036368846893e-02
1.138000655919313431e-02
6.294895894825458527e-03
-3.642633673734962940e-04
-7.842299528419971466e-03
-1.501769386231899261e-02
-2.075739949941635132e-02
-2.429985813796520233e-02
-2.552399411797523499e-02
-2.499521896243095398e-02
-2.376072295010089874e-02
-2.296479418873786926e-02
-2.342839911580085754e-02
-2.535216137766838074e-02
-2.825111709535121918e-02
-3.113770484924316406e-02
-3.287667781114578247e-02
-3.257821127772331238e-02
-2.989106252789497375e-02
-2.510154806077480316e-02
-1.901639252901077271e-02
-1.268090028315782547e-02
-7.035831920802593231e-03
-2.630308270454406738e-03
5.164965987205505371e-04
2.865680959075689316e-03
5.143871996551752090e-03
8.038033731281757355e-03
1.190088503062725067e-02
1.656485721468925476e-02
2.133128419518470764e-02
2.514981105923652649e-02
2.694245055317878723e-02
2.597453631460666656e-02
2.214825712144374847e-02
1.610876061022281647e-02
9.107375517487525940e-03
2.649046480655670166e-03
-1.968240831047296524e-03
-4.065691027790307999e-03
-3.798690391704440117e-03
-2.090804278850555420e-03
-3.050520899705588818e-04
2.319604100193828344e-04
-1.316449022851884365e-03
-5.022464785724878311e-03
-1.018328685313463211e-02
-1.556161604821681976e-02
-1.978091895580291748e-02
-2.173946984112262726e-02
-2.091814391314983368e-02
-1.750249788165092468e-02
-1.229750830680131912e-02
-6.466521415859460831e-03
-1.167903887107968330e-03
2.806787146255373955e-03
5.278890021145343781e-03
6.718614604324102402e-03
8.037199266254901886e-03
1.019026152789592743e-02
1.373247615993022919e-02
1.850231736898422241e-02
2.357963100075721741e-02
2.755478024482727051e-02
2.901861630380153656e-02
2.708632312715053558e-02
2.175153978168964386e-02
1.393622159957885742e-02
5.223473999649286270e-03
-2.621695399284362793e-03
-8.173255249857902527e-03
-1.073937676846981049e-02
-1.052262168377637863e-02
-8.515411987900733948e-03
-6.175352726131677628e-03
-4.977877251803874969e-03
-5.971221718937158585e-03
-9.457720443606376648e-03
-1.489485334604978561e-02
-2.105049788951873779e-02
-2.637315914034843445e-02
-2.946856059134006500e-02
-2.953172847628593445e-02
-2.658739686012268066e-02
-2.144751884043216705e-02
-1.539284735918045044e-02
-9.693277068436145782e-03
-5.154167301952838898e-03
-1.873464905656874180e-03
6.919130682945251465e-04
3.387835575267672539e-03
6.912847049534320831e-03
1.146390475332736969e-02
1.663308031857013702e-02
2.158492617309093475e-02
2.541209198534488678e-02
2.749379351735115051e-02
2.770053967833518982e-02
2.637870609760284424e-02
2.415605261921882629e-02
2.167884819209575653e-02
1.939705573022365570e-02
1.746749691665172577e-02
1.578110828995704651e-02
1.407171506434679031e-02
1.204768009483814240e-02
9.499622508883476257e-03
6.361375562846660614e-03
2.722319914028048515e-03
-1.200590981170535088e-03
-5.119815468788146973e-03
-8.748872205615043640e-03
-1.187068223953247070e-02
-1.438198704272508621e-02
-1.629975438117980957e-02
-1.772865653038024902e-02
-1.880293525755405426e-02
-1.962363719940185547e-02
-2.021097578108310699e-02
-2.048602886497974396e-02
-2.028902992606163025e-02
-1.943352073431015015e-02
-1.778404787182807922e-02
-1.533172838389873505e-02
-1.223409362137317657e-02
-8.792134933173656464e-03
-5.361019168049097061e-03
-2.223022282123565674e-03
5.241557955741882324e-04
3.009332809597253799e-03
5.532616283744573593e-03
8.429011330008506775e-03
1.190563291311264038e-02
1.591928675770759583e-02
2.014270797371864319e-02
2.402907237410545349e-02
2.694871462881565094e-02
2.835339866578578949e-02
2.792395278811454773e-02
2.566655911505222321e-02
