-2.000000029802322388e-01
-2.072531282901763916e-01
6.501442287117242813e-03
1.329815834760665894e-01
1.891069710254669189e-01
1.065307036042213440e-01
2.338201366364955902e-02
-5.650967359542846680e-02
-9.501595050096511841e-02
-5.463696271181106567e-02
-2.990090847015380859e-02
1.409870851784944534e-02
1.930941082537174225e-02
2.942829206585884094e-02
1.611174829304218292e-02
2.714958228170871735e-02
3.928247839212417603e-02
2.676356397569179535e-02
3.287246916443109512e-03
-2.274121716618537903e-02
-4.151978343725204468e-02
-4.409096762537956238e-02
-2.703687548637390137e-02
1.226762961596250534e-02
3.163771703839302063e-02
5.308439210057258606e-02
3.406469151377677917e-02
-3.177216742187738419e-03
-2.932869829237461090e-02
-2.194886282086372375e-02
-2.933562360703945160e-02
-6.934520788490772247e-03
5.145266768522560596e-04
2.537127956748008728e-02
1.323130261152982712e-02
1.045134663581848145e-02
-1.548601407557725906e-02
-1.613231375813484192e-02
-1.845384947955608368e-02
-1.347473240457475185e-03
-6.517785601317882538e-03
7.716217543929815292e-03
1.356819551438093185e-02
8.684040978550910950e-03
1.358059979975223541e-02
7.606586907058954239e-03
8.891703560948371887e-03
-1.106971967965364456e-02
-1.156136207282543182e-02
-2.603917196393013000e-02
-6.077536847442388535e-03
-2.654272364452481270e-03
1.735251583158969879e-02
1.378940790891647339e-02
1.281088590621948242e-02
5.657084286212921143e-03
-7.226012647151947021e-03
-2.384277805685997009e-02
-1.465915702283382416e-02
-1.712122000753879547e-02
6.670564413070678711e-03
9.612105786800384521e-03
2.243492379784584045e-02
9.732211008667945862e-03
-1.284535275772213936e-03
-2.038005739450454712e-02
-1.469240523874759674e-02
-2.353504858911037445e-02
3.753483295440673828e-03
1.766147837042808533e-02
2.462076954543590546e-02
2.377768605947494507e-02
1.470652036368846893e-02
-1.501769386231899261e-02
-2.376072295010089874e-02
-3.113770484924316406e-02
-1.901639252901077271e-02
2.865680959075689316e-03
2.133128419518470764e-02
1.610876061022281647e-02
-3.798690391704440117e-03
-5.022464785724878311e-03
-2.091814391314983368e-02
2.806787146255373955e-03
1.373247615993022919e-02
2.708632312715053558e-02
-8.173255249857902527e-03
-4.977877251803874969e-03
-2.637315914034843445e-02
-1.539284735918045044e-02
3.387835575267672539e-03
2.541209198534488678e-02
2.167884819209575653e-02
1.204768009483814240e-02
-5.119815468788146973e-03
-1.772865653038024902e-02
-2.028902992606163025e-02
-8.792134933173656464e-03
5.532616283744573593e-03
2.402907237410545349e-02
