-2.000000029802322388e-01
-2.135954350233078003e-01
-2.072531282901763916e-01
-1.212830767035484314e-01
6.501442287117242813e-03
9.353251755237579346e-02
1.329815834760665894e-01
1.666425168514251709e-01
1.891069710254669189e-01
1.661187857389450073e-01
1.065307036042213440e-01
5.389459058642387390e-02
2.338201366364955902e-02
-9.340989403426647186e-03
-5.650967359542846680e-02
-9.304608404636383057e-02
-9.501595050096511841e-02
-7.379017025232315063e-02
-5.463696271181106567e-02
-4.395049065351486206e-02
-2.990090847015380859e-02
-6.063695065677165985e-03
1.409870851784944534e-02
1.872571557760238647e-02
1.930941082537174225e-02
2.649842761456966400e-02
2.942829206585884094e-02
2.187400497496128082e-02
1.611174829304218292e-02
1.962603628635406494e-02
2.714958228170871735e-02
3.430502489209175110e-02
3.928247839212417603e-02
3.745750710368156433e-02
2.676356397569179535e-02
1.310918480157852173e-02
3.287246916443109512e-03
-6.432821042835712433e-03
-2.274121716618537903e-02
-3.781984373927116394e-02
-4.151978343725204468e-02
-4.091054946184158325e-02
-4.409096762537956238e-02
-4.243791848421096802e-02
-2.703687548637390137e-02
-4.641628358513116837e-03
1.226762961596250534e-02
2.145225927233695984e-02
3.163771703839302063e-02
4.567108675837516785e-02
5.308439210057258606e-02
4.711314290761947632e-02
3.406469151377677917e-02
1.818419247865676880e-02
-3.177216742187738419e-03
-2.343052998185157776e-02
-2.932869829237461090e-02
-2.330283820629119873e-02
-2.194886282086372375e-02
-2.883717045187950134e-02
-2.933562360703945160e-02
-1.763556525111198425e-02
-6.934520788490772247e-03
-4.747373051941394806e-03
5.145266768522560596e-04
1.528559625148773193e-02
2.537127956748008728e-02
2.096042223274707794e-02
1.323130261152982712e-02
1.226763147860765457e-02
1.045134663581848145e-02
-1.167668378911912441e-03
-1.548601407557725906e-02
-1.973943039774894714e-02
-1.613231375813484192e-02
-1.616354472935199738e-02
-1.845384947955608368e-02
-1.259457785636186600e-02
-1.347473240457475185e-03
8.618056890554726124e-04
-6.517785601317882538e-03
-6.180861499160528183e-03
7.716217543929815292e-03
1.824377104640007019e-02
1.356819551438093185e-02
5.577837117016315460e-03
8.684040978550910950e-03
1.610051468014717102e-02
1.358059979975223541e-02
5.833039991557598114e-03
7.606586907058954239e-03
1.440066657960414886e-02
8.891703560948371887e-03
-5.876119248569011688e-03
-1.106971967965364456e-02
-7.364409975707530975e-03
-1.156136207282543182e-02
-2.324842475354671478e-02
-2.603917196393013000e-02
-1.590709015727043152e-02
-6.077536847442388535e-03
-4.636941943317651749e-03
-2.654272364452481270e-03
7.634475827217102051e-03
1.735251583158969879e-02
1.746518351137638092e-02
1.378940790891647339e-02
1.307458896189928055e-02
1.281088590621948242e-02
9.842144325375556946e-03
5.657084286212921143e-03
1.182101666927337646e-03
-7.226012647151947021e-03
-1.909516006708145142e-02
-2.384277805685997009e-02
-1.805488951504230499e-02
-1.465915702283382416e-02
-1.862040162086486816e-02
-1.712122000753879547e-02
-4.802084062248468399e-03
6.670564413070678711e-03
9.156672284007072449e-03
9.612105786800384521e-03
1.585973612964153290e-02
2.243492379784584045e-02
1.954977586865425110e-02
9.732211008667945862e-03
3.005942795425653458e-03
-1.284535275772213936e-03
-1.054443232715129852e-02
-2.038005739450454712e-02
-2.028598636388778687e-02
-1.469240523874759674e-02
-1.699385605752468109e-02
-2.353504858911037445e-02
-1.670585945248603821e-02
3.753483295440673828e-03
1.771903410553932190e-02
1.766147837042808533e-02
1.755310781300067902e-02
2.462076954543590546e-02
2.849954925477504730e-02
2.377768605947494507e-02
1.858904585242271423e-02
1.470652036368846893e-02
3.126823808997869492e-03
-1.501769386231899261e-02
-2.518122270703315735e-02
-2.376072295010089874e-02
-2.422303147614002228e-02
-3.113770484924316406e-02
-3.152989596128463745e-02
-1.901639252901077271e-02
-4.664167761802673340e-03
2.865680959075689316e-03
9.845572523772716522e-03
2.133128419518470764e-02
2.682696841657161713e-02
1.610876061022281647e-02
4.955083204549737275e-05
-3.798690391704440117e-03
1.877203612821176648e-04
-5.022464785724878311e-03
-1.789582706987857819e-02
-2.091814391314983368e-02
-9.383219294250011444e-03
2.806787146255373955e-03
7.328952662646770477e-03
1.373247615993022919e-02
2.579956687986850739e-02
2.708632312715053558e-02
9.579625912010669708e-03
-8.173255249857902527e-03
-9.657688438892364502e-03
-4.977877251803874969e-03
-1.199679356068372726e-02
-2.637315914034843445e-02
-2.840065397322177887e-02
-1.539284735918045044e-02
-3.378358436748385429e-03
3.387835575267672539e-03
1.401712000370025635e-02
2.541209198534488678e-02
2.719499543309211731e-02
2.167884819209575653e-02
1.660842075943946838e-02
1.204768009483814240e-02
4.593321587890386581e-03
-5.119815468788146973e-03
-1.320419274270534515e-02
-1.772865653038024902e-02
-1.994911208748817444e-02
-2.028902992606163025e-02
-1.665238291025161743e-02
-8.792134933173656464e-03
-8.034870261326432228e-04
5.532616283744573593e-03
1.385943870991468430e-02
2.402907237410545349e-02
2.837583422660827637e-02
